# time   trace   domains   purity   coherence  equireached
    1      1.0000000000      6.5454545455      0.0010822511      0.0000000000      0.0000000000
    2      1.0000000298      6.0000001788      0.0004673357      0.5454545915      0.0000000000
    3      1.0000000596      5.5454548760      0.0004195517      0.6617966358      0.0000000000
    4      1.0000000894      5.1633001249      0.0004499437      0.7350816246      0.0000000000
    5      1.0000001192      4.8391034108      0.0005161424      0.6889757705      0.0000000000
    6      1.0000001490      4.5616355469      0.0006085844      0.6805309104      0.0000000000
    7      1.0000001788      4.3221374447      0.0007236381      0.6434901775      0.0000676407
    8      1.0000002086      4.1137422245      0.0008589992      0.6122512067      0.0002670165
    9      1.0000002384      3.9310315593      0.0010125060      0.5814850672      0.0006515012
   10      1.0000002682      3.7696992221      0.0011818389      0.5544459577      0.0012565563
   11      1.0000002980      3.6262970232      0.0013645595      0.5299160617      0.0021027226
   12      1.0000003278      3.4980428820      0.0015582674      0.5088774068      0.0031983167
   13      1.0000003576      3.3826753629      0.0017607639      0.4899457324      0.0045428715
   14      1.0000003874      3.2783428778      0.0019701705      0.4738699583      0.0061297543
   15      1.0000004172      3.1835187898      0.0021849915      0.4603164293      0.0079483103
   16      1.0000004470      3.0969359356      0.0024041285      0.4483276415      0.0099854081
   17      1.0000004768      3.0175357835      0.0026268600      0.4381487781      0.0122265729
   18      1.0000005066      2.9444286832      0.0028528006      0.4291459304      0.0146567752
   19      1.0000005364      2.8768625761      0.0030818495      0.4211075224      0.0172609772
   20      1.0000005662      2.8141982013      0.0033141366      0.4136845371      0.0200244949
   21      1.0000005960      2.7558893199      0.0035499710      0.4066076520      0.0229332327
   22      1.0000006258      2.7014668446      0.0037897941      0.3998286193      0.0259738239
   23      1.0000006557      2.6505260241      0.0040341398      0.3931315799      0.0291337081
   24      1.0000006855      2.6027160360      0.0042836001      0.3865245650      0.0324011617
   25      1.0000007153      2.5577314871      0.0045387976      0.3800527739      0.0357652997
   26      1.0000007451      2.5153054345      0.0048003638      0.3739046949      0.0392160551
   27      1.0000007749      2.4752036270      0.0050689221      0.3678625172      0.0427441467
   28      1.0000008047      2.4372197278      0.0053450746      0.3618847746      0.0463410380
   29      1.0000008345      2.4011713354      0.0056293932      0.3561104220      0.0499988919
   30      1.0000008643      2.3668966520      0.0059224128      0.3504611490      0.0537105241
   31      1.0000008941      2.3342516833      0.0062246273      0.3449509723      0.0574693553
   32      1.0000009239      2.3031078743      0.0065364871      0.3395275589      0.0612693662
   33      1.0000009537      2.2733501063      0.0068583977      0.3341640468      0.0651050524
   34      1.0000009835      2.2448749926      0.0071907206      0.3288960863      0.0689713830
   35      1.0000010133      2.2175894228      0.0075337730      0.3237255459      0.0728637616
   36      1.0000010431      2.1914093159      0.0078878300      0.3186266428      0.0767779891
   37      1.0000010729      2.1662585485      0.0082531263      0.3136011894      0.0807102303
   38      1.0000011027      2.1420680296      0.0086298578      0.3086562951      0.0846569824
   39      1.0000011325      2.1187749008      0.0090181843      0.3038021021      0.0886150464
   40      1.0000011623      2.0963218414      0.0094182316      0.2990509667      0.0925815007
   41      1.0000011921      2.0746564645      0.0098300940      0.2944060676      0.0965536771
   42      1.0000012219      2.0537307888      0.0102538363      0.2898677457      0.1005291388
   43      1.0000012517      2.0335007777      0.0106894966      0.2854374479      0.1045056606
   44      1.0000012815      2.0139259334      0.0111370877      0.2811227431      0.1084812100
   45      1.0000013113      1.9949689415      0.0115966002      0.2769291137      0.1124539317
   46      1.0000013411      1.9765953560      0.0120680036      0.2728509631      0.1164221314
   47      1.0000013709      1.9587733222      0.0125512485      0.2688891314      0.1203842630
   48      1.0000014007      1.9414733307      0.0130462687      0.2650460710      0.1243389154
   49      1.0000014305      1.9246679988      0.0135529822      0.2613172281      0.1282848017
   50      1.0000014603      1.9083318770      0.0140712934      0.2577020218      0.1322207488
   51      1.0000014901      1.8924412750      0.0146010942      0.2542004374      0.1361456879
   52      1.0000015199      1.8769741078      0.0151422652      0.2508107332      0.1400586457
   53      1.0000015497      1.8619097570      0.0156946773      0.2475295483      0.1439587375
   54      1.0000015795      1.8472289470      0.0162581927      0.2443542209      0.1478451593
   55      1.0000016093      1.8329136331      0.0168326659      0.2412824861      0.1517171815
   56      1.0000016391      1.8189469017      0.0174179449      0.2383130379      0.1555741436
   57      1.0000016689      1.8053128795      0.0180138716      0.2354423850      0.1594154480
   58      1.0000016987      1.7919966523      0.0186202834      0.2326681682      0.1632405557
   59      1.0000017285      1.7789841907      0.0192370133      0.2299869817      0.1670489815
   60      1.0000017583      1.7662622832      0.0198638908      0.2273959335      0.1708402899
   61      1.0000017881      1.7538184759      0.0205007429      0.2248921460      0.1746140917
   62      1.0000018179      1.7416410168      0.0211473941      0.2224727348      0.1783700400
   63      1.0000018477      1.7297188057      0.0218036674      0.2201347191      0.1821078271
   64      1.0000018775      1.7180413484      0.0224693846      0.2178755115      0.1858271821
   65      1.0000019074      1.7065987148      0.0231443667      0.2156920354      0.1895278676
   66      1.0000019372      1.6953815005      0.0238284346      0.2135813068      0.1932096775
   67      1.0000019670      1.6843807919      0.0245214091      0.2115407761      0.1968724345
   68      1.0000019968      1.6735881338      0.0252231114      0.2095679040      0.2005159883
   69      1.0000020266      1.6629955000      0.0259333635      0.2076609258      0.2041402134
   70      1.0000020564      1.6525952663      0.0266519883      0.2058160212      0.2077450072
   71      1.0000020862      1.6423801847      0.0273788100      0.2040306712      0.2113302886
   72      1.0000021160      1.6323433611      0.0281136542      0.2023024119      0.2148959961
   73      1.0000021458      1.6224782337      0.0288563482      0.2006288403      0.2184420868
   74      1.0000021756      1.6127785530      0.0296067212      0.1990076512      0.2219685344
   75      1.0000022054      1.6032383637      0.0303646042      0.1974365887      0.2254753285
   76      1.0000022352      1.5938519879      0.0311298303      0.1959135270      0.2289624732
   77      1.0000022650      1.5846140090      0.0319022352      0.1944363418      0.2324299861
   78      1.0000022948      1.5755192574      0.0326816564      0.1930031613      0.2358778971
   79      1.0000023246      1.5665627966      0.0334679343      0.1916119001      0.2393062475
   80      1.0000023544      1.5577399109      0.0342609115      0.1902606731      0.2427150894
   81      1.0000023842      1.5490460930      0.0350604332      0.1889476876      0.2461044843
   82      1.0000024140      1.5404770334      0.0358663474      0.1876712129      0.2494745029
   83      1.0000024438      1.5320286100      0.0366785045      0.1864295882      0.2528252241
   84      1.0000024736      1.5236968782      0.0374967577      0.1852212214      0.2561567343
   85      1.0000025034      1.5154780621      0.0383209628      0.1840445791      0.2594691267
   86      1.0000025332      1.5073685458      0.0391509784      0.1828981966      0.2627625009
   87      1.0000025630      1.4993648656      0.0399866658      0.1817806718      0.2660369623
   88      1.0000025928      1.4914637025      0.0408278889      0.1806906630      0.2692926215
   89      1.0000026226      1.4836618748      0.0416745145      0.1796268848      0.2725295938
   90      1.0000026524      1.4759563320      0.0425264118      0.1785881079      0.2757479986
   91      1.0000026822      1.4683441483      0.0433834528      0.1775731585      0.2789479594
   92      1.0000027120      1.4608225165      0.0442455123      0.1765809150      0.2821296031
   93      1.0000027418      1.4533887429      0.0451124675      0.1756103067      0.2852930595
   94      1.0000027716      1.4460402416      0.0459841981      0.1746603121      0.2884384612
   95      1.0000028014      1.4387745298      0.0468605866      0.1737299566      0.2915659432
   96      1.0000028312      1.4315892230      0.0477415179      0.1728183100      0.2946756425
   97      1.0000028610      1.4244820308      0.0486268793      0.1719244862      0.2977676979
   98      1.0000028908      1.4174507522      0.0495165605      0.1710476409      0.3008422497
   99      1.0000029206      1.4104932721      0.0504104538      0.1701869699      0.3038994394
  100      1.0000029504      1.4036075572      0.0513084536      0.1693417074      0.3069394095
  101      1.0000029802      1.3967916527      0.0522104566      0.1685111244      0.3099623035
  102      1.0000030100      1.3900436786      0.0531163620      0.1676945274      0.3129682653
  103      1.0000030398      1.3833618266      0.0540260710      0.1668912571      0.3159574391
  104      1.0000030696      1.3767443570      0.0549394869      0.1661006855      0.3189299695
  105      1.0000030994      1.3701895958      0.0558565151      0.1653222163      0.3218860011
  106      1.0000031292      1.3636959319      0.0567770633      0.1645552825      0.3248256783
  107      1.0000031591      1.3572618145      0.0577010408      0.1637993465      0.3277491455
  108      1.0000031889      1.3508857504      0.0586283593      0.1630538958      0.3306565464
  109      1.0000032187      1.3445663018      0.0595589320      0.1623184449      0.3335480245
  110      1.0000032485      1.3383020839      0.0604926741      0.1615925327      0.3364237224
  111      1.0000032783      1.3320917628      0.0614295028      0.1608757225      0.3392837822
  112      1.0000033081      1.3259340532      0.0623693368      0.1601675984      0.3421283452
  113      1.0000033379      1.3198277167      0.0633120966      0.1594677666      0.3449575516
  114      1.0000033677      1.3137715596      0.0642577044      0.1587758537      0.3477715407
  115      1.0000033975      1.3077644313      0.0652060839      0.1580915064      0.3505704509
  116      1.0000034273      1.3018052226      0.0661571605      0.1574143900      0.3533544192
  117      1.0000034571      1.2958928638      0.0671108611      0.1567441851      0.3561235818
  118      1.0000034869      1.2900263232      0.0680671141      0.1560805908      0.3588780733
  119      1.0000035167      1.2842046057      0.0690258492      0.1554233222      0.3616180273
  120      1.0000035465      1.2784267515      0.0699869977      0.1547721094      0.3643435757
  121      1.0000035763      1.2726918341      0.0709504923      0.1541266971      0.3670548495
  122      1.0000036061      1.2669989596      0.0719162667      0.1534868434      0.3697519779
  123      1.0000036359      1.2613472651      0.0728842561      0.1528523197      0.3724350889
  124      1.0000036657      1.2557359177      0.0738543971      0.1522229098      0.3751043090
  125      1.0000036955      1.2501641130      0.0748266272      0.1515984093      0.3777597632
  126      1.0000037253      1.2446310744      0.0758008852      0.1509786250      0.3804015749
  127      1.0000037551      1.2391360516      0.0767771111      0.1503633743      0.3830298662
  128      1.0000037849      1.2336783200      0.0777552460      0.1497524848      0.3856447574
  129      1.0000038147      1.2282571793      0.0787352319      0.1491457936      0.3882463676
  130      1.0000038445      1.2228719530      0.0797170121      0.1485431468      0.3908348140
  131      1.0000038743      1.2175219869      0.0807005307      0.1479443993      0.3934102124
  132      1.0000039041      1.2122066490      0.0816857328      0.1473494142      0.3959726772
  133      1.0000039339      1.2069253279      0.0826725646      0.1467580621      0.3985223210
  134      1.0000039637      1.2016774326      0.0836609731      0.1461702213      0.4010592550
  135      1.0000039935      1.1964623913      0.0846509062      0.1455857769      0.4035835888
  136      1.0000040233      1.1912796511      0.0856423128      0.1450046205      0.4060954304
  137      1.0000040531      1.1861286767      0.0866351423      0.1444266501      0.4085948864
  138      1.0000040829      1.1810089504      0.0876293454      0.1438517695      0.4110820618
  139      1.0000041127      1.1759199709      0.0886248731      0.1432798883      0.4135570600
  140      1.0000041425      1.1708612531      0.0896216777      0.1427109212      0.4160199831
  141      1.0000041723      1.1658323270      0.0906197117      0.1421447881      0.4184709315
  142      1.0000042021      1.1608327376      0.0916189288      0.1415814134      0.4209100041
  143      1.0000042319      1.1558620442      0.0926192831      0.1410207263      0.4233372987
  144      1.0000042617      1.1509198199      0.0936207296      0.1404626600      0.4257529111
  145      1.0000042915      1.1460056507      0.0946232237      0.1399071519      0.4281569362
  146      1.0000043213      1.1411191357      0.0956267218      0.1393541431      0.4305494670
  147      1.0000043511      1.1362598859      0.0966311807      0.1388035781      0.4329305954
  148      1.0000043810      1.1314275245      0.0976365578      0.1382554051      0.4353004119
  149      1.0000044108      1.1266216858      0.0986428113      0.1377095753      0.4376590054
  150      1.0000044406      1.1218420151      0.0996498997      0.1371660430      0.4400064638
  151      1.0000044704      1.1170881683      0.1006577825      0.1366247651      0.4423428734
  152      1.0000045002      1.1123598115      0.1016664192      0.1360857015      0.4446683193
  153      1.0000045300      1.1076566204      0.1026757704      0.1355488144      0.4469828853
  154      1.0000045598      1.1029782804      0.1036857967      0.1350140685      0.4492866539
  155      1.0000045896      1.0983244858      0.1046964597      0.1344814306      0.4515797063
  156      1.0000046194      1.0936949398      0.1057077212      0.1339508697      0.4538621225
  157      1.0000046492      1.0890893539      0.1067195436      0.1334223568      0.4561339815
  158      1.0000046790      1.0845074477      0.1077318898      0.1328958646      0.4583953608
  159      1.0000047088      1.0799489490      0.1087447231      0.1323713678      0.4606463368
  160      1.0000047386      1.0754135927      0.1097580072      0.1318488426      0.4628869849
  161      1.0000047684      1.0709011213      0.1107717065      0.1313282666      0.4651173792
  162      1.0000047982      1.0664112842      0.1117857856      0.1308096191      0.4673375928
  163      1.0000048280      1.0619438375      0.1128002097      0.1302928807      0.4695476976
  164      1.0000048578      1.0574985441      0.1138149443      0.1297780331      0.4717477646
  165      1.0000048876      1.0530751730      0.1148299553      0.1292650594      0.4739378635
  166      1.0000049174      1.0486734993      0.1158452092      0.1287539436      0.4761180633
  167      1.0000049472      1.0442933039      0.1168606726      0.1282446711      0.4782884317
  168      1.0000049770      1.0399343735      0.1178763128      0.1277372279      0.4804490354
  169      1.0000050068      1.0355965002      0.1188920973      0.1272316010      0.4825999404
  170      1.0000050366      1.0312794812      0.1199079940      0.1267277785      0.4847412115
  171      1.0000050664      1.0269831191      0.1209239712      0.1262257489      0.4868729126
  172      1.0000050962      1.0227072212      0.1219399976      0.1257255018      0.4889951068
  173      1.0000051260      1.0184515994      0.1229560422      0.1252270273      0.4911078562
  174      1.0000051558      1.0142160704      0.1239720743      0.1247303162      0.4932112221
  175      1.0000051856      1.0100004552      0.1249880637      0.1242353597      0.4953052647
  176      1.0000052154      1.0058045791      0.1260039804      0.1237421500      0.4973900437
  177      1.0000052452      1.0016282715      0.1270197948      0.1232506793      0.4994656177
  178      1.0000052750      0.9974713655      0.1280354777      0.1227609406      0.5015320447
  179      1.0000053048      0.9933336985      0.1290510002      0.1222729272      0.5035893817
  180      1.0000053346      0.9892151112      0.1300663335      0.1217866330      0.5056376850
  181      1.0000053644      0.9851154481      0.1310814494      0.1213020520      0.5076770103
  182      1.0000053942      0.9810345570      0.1320963199      0.1208191787      0.5097074123
  183      1.0000054240      0.9769722891      0.1331109174      0.1203380078      0.5117289452
  184      1.0000054538      0.9729284988      0.1341252144      0.1198585346      0.5137416622
  185      1.0000054836      0.9689030436      0.1351391840      0.1193807542      0.5157456160
  186      1.0000055134      0.9648957840      0.1361527993      0.1189046623      0.5177408587
  187      1.0000055432      0.9609065834      0.1371660338      0.1184302547      0.5197274416
  188      1.0000055730      0.9569353081      0.1381788615      0.1179575274      0.5217054152
  189      1.0000056029      0.9529818270      0.1391912563      0.1174864766      0.5236748297
  190      1.0000056327      0.9490460115      0.1402031928      0.1170170986      0.5256357343
  191      1.0000056625      0.9451277358      0.1412146456      0.1165493899      0.5275881780
  192      1.0000056923      0.9412268764      0.1422255896      0.1160833472      0.5295322088
  193      1.0000057221      0.9373433122      0.1432360001      0.1156189671      0.5314678743
  194      1.0000057519      0.9334769245      0.1442458526      0.1151562465      0.5333952216
  195      1.0000057817      0.9296275964      0.1452551229      0.1146951824      0.5353142971
  196      1.0000058115      0.9257952138      0.1462637871      0.1142357718      0.5372251466
  197      1.0000058413      0.9219796640      0.1472718214      0.1137780117      0.5391278156
  198      1.0000058711      0.9181808369      0.1482792025      0.1133218993      0.5410223488
  199      1.0000059009      0.9143986239      0.1492859072      0.1128674317      0.5429087906
  200      1.0000059307      0.9106329185      0.1502919127      0.1124146062      0.5447871848
  201      1.0000059605      0.9068836160      0.1512971962      0.1119634201      0.5466575746
  202      1.0000059903      0.9031506133      0.1523017355      0.1115138706      0.5485200029
  203      1.0000060201      0.8994338094      0.1533055083      0.1110659550      0.5503745121
  204      1.0000060499      0.8957331045      0.1543084929      0.1106196706      0.5522211441
  205      1.0000060797      0.8920484007      0.1553106676      0.1101750147      0.5540599402
  206      1.0000061095      0.8883796014      0.1563120110      0.1097319846      0.5558909415
  207      1.0000061393      0.8847266118      0.1573125021      0.1092905777      0.5577141885
  208      1.0000061691      0.8810893385      0.1583121198      0.1088507911      0.5595297213
  209      1.0000061989      0.8774676892      0.1593108437      0.1084126223      0.5613375797
  210      1.0000062287      0.8738615733      0.1603086532      0.1079760683      0.5631378030
  211      1.0000062585      0.8702709015      0.1613055282      0.1075411266      0.5649304300
  212      1.0000062883      0.8666955857      0.1623014489      0.1071077942      0.5667154994
  213      1.0000063181      0.8631355389      0.1632963954      0.1066760684      0.5684930492
  214      1.0000063479      0.8595906757      0.1642903484      0.1062459463      0.5702631171
  215      1.0000063777      0.8560609115      0.1652832886      0.1058174250      0.5720257407
  216      1.0000064075      0.8525461631      0.1662751970      0.1053905017      0.5737809568
  217      1.0000064373      0.8490463483      0.1672660548      0.1049651732      0.5755288023
  218      1.0000064671      0.8455613860      0.1682558436      0.1045414368      0.5772693133
  219      1.0000064969      0.8420911960      0.1692445449      0.1041192893      0.5790025260
  220      1.0000065267      0.8386356994      0.1702321407      0.1036987276      0.5807284761
  221      1.0000065565      0.8351948180      0.1712186132      0.1032797487      0.5824471987
  222      1.0000065863      0.8317684749      0.1722039446      0.1028623494      0.5841587290
  223      1.0000066161      0.8283565937      0.1731881175      0.1024465265      0.5858631017
  224      1.0000066459      0.8249590993      0.1741711147      0.1020322767      0.5875603513
  225      1.0000066757      0.8215759172      0.1751529193      0.1016195969      0.5892505117
  226      1.0000067055      0.8182069739      0.1761335144      0.1012084835      0.5909336168
  227      1.0000067353      0.8148521968      0.1771128834      0.1007989334      0.5926097002
  228      1.0000067651      0.8115115139      0.1780910100      0.1003909431      0.5942787951
  229      1.0000067950      0.8081848541      0.1790678781      0.0999845090      0.5959409345
  230      1.0000068248      0.8048721472      0.1800434717      0.0995796278      0.5975961511
  231      1.0000068546      0.8015733235      0.1810177750      0.0991762959      0.5992444773
  232      1.0000068844      0.7982883142      0.1819907725      0.0987745096      0.6008859452
  233      1.0000069142      0.7950170512      0.1829624490      0.0983742654      0.6025205869
  234      1.0000069440      0.7917594669      0.1839327892      0.0979755596      0.6041484340
  235      1.0000069738      0.7885154947      0.1849017783      0.0975783885      0.6057695178
  236      1.0000070036      0.7852850684      0.1858694015      0.0971827484      0.6073838697
  237      1.0000070334      0.7820681226      0.1868356443      0.0967886354      0.6089915204
  238      1.0000070632      0.7788645924      0.1878004923      0.0963960457      0.6105925008
  239      1.0000070930      0.7756744135      0.1887639316      0.0960049755      0.6121868412
  240      1.0000071228      0.7724975223      0.1897259480      0.0956154208      0.6137745720
  241      1.0000071526      0.7693338557      0.1906865279      0.0952273777      0.6153557232
  242      1.0000071824      0.7661833513      0.1916456577      0.0948408423      0.6169303246
  243      1.0000072122      0.7630459471      0.1926033241      0.0944558105      0.6184984057
  244      1.0000072420      0.7599215816      0.1935595138      0.0940722782      0.6200599961
  245      1.0000072718      0.7568101941      0.1945142139      0.0936902415      0.6216151248
  246      1.0000073016      0.7537117242      0.1954674116      0.0933096962      0.6231638209
  247      1.0000073314      0.7506261119      0.1964190943      0.0929306380      0.6247061131
  248      1.0000073612      0.7475532979      0.1973692495      0.0925530630      0.6262420300
  249      1.0000073910      0.7444932234      0.1983178650      0.0921769668      0.6277716000
  250      1.0000074208      0.7414458300      0.1992649288      0.0918023453      0.6292948513
  251      1.0000074506      0.7384110596      0.2002104289      0.0914291941      0.6308118120
  252      1.0000074804      0.7353888549      0.2011543536      0.0910575090      0.6323225098
  253      1.0000075102      0.7323791587      0.2020966913      0.0906872856      0.6338269724
  254      1.0000075400      0.7293819144      0.2030374309      0.0903185197      0.6353252273
  255      1.0000075698      0.7263970659      0.2039765609      0.0899512069      0.6368173017
  256      1.0000075996      0.7234245573      0.2049140705      0.0895853427      0.6383032228
  257      1.0000076294      0.7204643333      0.2058499488      0.0892209228      0.6397830176
  258      1.0000076592      0.7175163390      0.2067841851      0.0888579428      0.6412567128
  259      1.0000076890      0.7145805196      0.2077167689      0.0884963981      0.6427243351
  260      1.0000077188      0.7116568211      0.2086476899      0.0881362844      0.6441859108
  261      1.0000077486      0.7087451897      0.2095769379      0.0877775971      0.6456414664
  262      1.0000077784      0.7058455718      0.2105045029      0.0874203317      0.6470910279
  263      1.0000078082      0.7029579144      0.2114303751      0.0870644837      0.6485346214
  264      1.0000078380      0.7000821647      0.2123545448      0.0867100486      0.6499722726
  265      1.0000078678      0.6972182705      0.2132770024      0.0863570218      0.6514040072
  266      1.0000078976      0.6943661796      0.2141977387      0.0860053988      0.6528298509
  267      1.0000079274      0.6915258404      0.2151167444      0.0856551749      0.6542498288
  268      1.0000079573      0.6886972014      0.2160340104      0.0853063455      0.6556639663
  269      1.0000079871      0.6858802117      0.2169495280      0.0849589061      0.6570722885
  270      1.0000080169      0.6830748206      0.2178632882      0.0846128520      0.6584748204
  271      1.0000080467      0.6802809776      0.2187752827      0.0842681787      0.6598715866
  272      1.0000080765      0.6774986326      0.2196855029      0.0839248814      0.6612626120
  273      1.0000081063      0.6747277360      0.2205939406      0.0835829555      0.6626479210
  274      1.0000081361      0.6719682381      0.2215005876      0.0832423964      0.6640275380
  275      1.0000081659      0.6692200898      0.2224054360      0.0829031993      0.6654014873
  276      1.0000081957      0.6664832422      0.2233084780      0.0825653597      0.6667697931
  277      1.0000082255      0.6637576467      0.2242097057      0.0822288729      0.6681324793
  278      1.0000082553      0.6610432550      0.2251091118      0.0818937341      0.6694895698
  279      1.0000082851      0.6583400191      0.2260066888      0.0815599386      0.6708410884
  280      1.0000083149      0.6556478911      0.2269024294      0.0812274819      0.6721870586
  281      1.0000083447      0.6529668235      0.2277963265      0.0808963591      0.6735275041
  282      1.0000083745      0.6502967692      0.2286883732      0.0805665657      0.6748624481
  283      1.0000084043      0.6476376812      0.2295785626      0.0802380968      0.6761919140
  284      1.0000084341      0.6449895128      0.2304668880      0.0799109478      0.6775159248
  285      1.0000084639      0.6423522174      0.2313533429      0.0795851140      0.6788345036
  286      1.0000084937      0.6397257490      0.2322379207      0.0792605907      0.6801476732
  287      1.0000085235      0.6371100616      0.2331206153      0.0789373731      0.6814554566
  288      1.0000085533      0.6345051094      0.2340014204      0.0786154566      0.6827578762
  289      1.0000085831      0.6319108470      0.2348803300      0.0782948364      0.6840549547
  290      1.0000086129      0.6293272293      0.2357573382      0.0779755079      0.6853467146
  291      1.0000086427      0.6267542112      0.2366324392      0.0776574664      0.6866331781
  292      1.0000086725      0.6241917479      0.2375056274      0.0773407071      0.6879143674
  293      1.0000087023      0.6216397950      0.2383768972      0.0770252254      0.6891903048
  294      1.0000087321      0.6190983083      0.2392462433      0.0767110165      0.6904610121
  295      1.0000087619      0.6165672435      0.2401136603      0.0763980758      0.6917265113
  296      1.0000087917      0.6140465570      0.2409791431      0.0760863986      0.6929868241
  297      1.0000088215      0.6115362051      0.2418426867      0.0757759802      0.6942419723
  298      1.0000088513      0.6090361444      0.2427042862      0.0754668159      0.6954919774
  299      1.0000088811      0.6065463318      0.2435639367      0.0751589011      0.6967368609
  300      1.0000089109      0.6040667242      0.2444216337      0.0748522311      0.6979766442
  301      1.0000089407      0.6015972791      0.2452773724      0.0745468012      0.6992113485
  302      1.0000089705      0.5991379537      0.2461311486      0.0742426068      0.7004409949
  303      1.0000090003      0.5966887059      0.2469829578      0.0739396432      0.7016656047
  304      1.0000090301      0.5942494934      0.2478327959      0.0736379058      0.7028851987
  305      1.0000090599      0.5918202744      0.2486806587      0.0733373900      0.7040997978
  306      1.0000090897      0.5894010072      0.2495265423      0.0730380911      0.7053094228
  307      1.0000091196      0.5869916503      0.2503704428      0.0727400045      0.7065140943
  308      1.0000091494      0.5845921623      0.2512123564      0.0724431255      0.7077138330
  309      1.0000091792      0.5822025021      0.2520522794      0.0721474497      0.7089086593
  310      1.0000092090      0.5798226289      0.2528902083      0.0718529724      0.7100985936
  311      1.0000092388      0.5774525018      0.2537261397      0.0715596891      0.7112836562
  312      1.0000092686      0.5750920804      0.2545600701      0.0712675950      0.7124638674
  313      1.0000092984      0.5727413244      0.2553919964      0.0709766858      0.7136392471
  314      1.0000093282      0.5704001935      0.2562219154      0.0706869568      0.7148098155
  315      1.0000093580      0.5680686478      0.2570498240      0.0703984034      0.7159755925
  316      1.0000093878      0.5657466475      0.2578757194      0.0701110212      0.7171365980
  317      1.0000094176      0.5634341530      0.2586995987      0.0698248056      0.7182928516
  318      1.0000094474      0.5611311250      0.2595214591      0.0695397521      0.7194443730
  319      1.0000094772      0.5588375241      0.2603412981      0.0692558562      0.7205911818
  320      1.0000095070      0.5565533113      0.2611591130      0.0689731134      0.7217332975
  321      1.0000095368      0.5542784477      0.2619749015      0.0686915193      0.7228707395
  322      1.0000095666      0.5520128947      0.2627886611      0.0684110692      0.7240035271
  323      1.0000095964      0.5497566137      0.2636003896      0.0681317589      0.7251316795
  324      1.0000096262      0.5475095663      0.2644100849      0.0678535838      0.7262552158
  325      1.0000096560      0.5452717144      0.2652177448      0.0675765395      0.7273741552
  326      1.0000096858      0.5430430200      0.2660233674      0.0673006216      0.7284885166
  327      1.0000097156      0.5408234451      0.2668269508      0.0670258256      0.7295983188
  328      1.0000097454      0.5386129523      0.2676284931      0.0667521472      0.7307035808
  329      1.0000097752      0.5364115039      0.2684279927      0.0664795820      0.7318043211
  330      1.0000098050      0.5342190626      0.2692254479      0.0662081256      0.7329005585
  331      1.0000098348      0.5320355912      0.2700208572      0.0659377735      0.7339923114
  332      1.0000098646      0.5298610528      0.2708142191      0.0656685216      0.7350795985
  333      1.0000098944      0.5276954105      0.2716055322      0.0654003654      0.7361624380
  334      1.0000099242      0.5255386276      0.2723947952      0.0651333007      0.7372408483
  335      1.0000099540      0.5233906676      0.2731820069      0.0648673230      0.7383148477
  336      1.0000099838      0.5212514941      0.2739671663      0.0646024281      0.7393844542
  337      1.0000100136      0.5191210710      0.2747502721      0.0643386118      0.7404496860
  338      1.0000100434      0.5169993622      0.2755313236      0.0640758697      0.7415105611
  339      1.0000100732      0.5148863318      0.2763103197      0.0638141976      0.7425670974
  340      1.0000101030      0.5127819441      0.2770872596      0.0635535912      0.7436193127
  341      1.0000101328      0.5106861635      0.2778621427      0.0632940463      0.7446672248
  342      1.0000101626      0.5085989546      0.2786349682      0.0630355586      0.7457108515
  343      1.0000101924      0.5065202821      0.2794057355      0.0627781241      0.7467502102
  344      1.0000102222      0.5044501109      0.2801744442      0.0625217384      0.7477853186
  345      1.0000102521      0.5023884061      0.2809410938      0.0622663975      0.7488161942
  346      1.0000102819      0.5003351328      0.2817056840      0.0620120970      0.7498428542
  347      1.0000103117      0.4982902564      0.2824682144      0.0617588330      0.7508653161
  348      1.0000103415      0.4962537424      0.2832286848      0.0615066011      0.7518835971
  349      1.0000103713      0.4942255563      0.2839870951      0.0612553974      0.7528977144
  350      1.0000104011      0.4922056640      0.2847434451      0.0610052177      0.7539076850
  351      1.0000104309      0.4901940315      0.2854977349      0.0607560580      0.7549135260
  352      1.0000104607      0.4881906247      0.2862499645      0.0605079140      0.7559152543
  353      1.0000104905      0.4861954099      0.2870001341      0.0602607818      0.7569128869
  354      1.0000105203      0.4842083534      0.2877482437      0.0600146573      0.7579064405
  355      1.0000105501      0.4822294218      0.2884942937      0.0597695365      0.7588959318
  356      1.0000105799      0.4802585817      0.2892382844      0.0595254152      0.7598813776
  357      1.0000106097      0.4782957999      0.2899802161      0.0592822897      0.7608627944
  358      1.0000106395      0.4763410433      0.2907200894      0.0590401557      0.7618401988
  359      1.0000106693      0.4743942790      0.2914579046      0.0587990094      0.7628136072
  360      1.0000106991      0.4724554742      0.2921936623      0.0585588467      0.7637830360
  361      1.0000107289      0.4705245963      0.2929273633      0.0583196638      0.7647485015
  362      1.0000107587      0.4686016126      0.2936590081      0.0580814566      0.7657100200
  363      1.0000107885      0.4666864909      0.2943885975      0.0578442212      0.7666676077
  364      1.0000108183      0.4647791989      0.2951161324      0.0576079538      0.7676212807
  365      1.0000108481      0.4628797045      0.2958416135      0.0573726504      0.7685710550
  366      1.0000108779      0.4609879758      0.2965650418      0.0571383072      0.7695169466
  367      1.0000109077      0.4591039808      0.2972864183      0.0569049202      0.7704589714
  368      1.0000109375      0.4572276879      0.2980057440      0.0566724856      0.7713971453
  369      1.0000109673      0.4553590655      0.2987230199      0.0564409996      0.7723314840
  370      1.0000109971      0.4534980822      0.2994382473      0.0562104583      0.7732620033
  371      1.0000110269      0.4516447066      0.3001514273      0.0559808580      0.7741887188
  372      1.0000110567      0.4497989076      0.3008625612      0.0557521948      0.7751116461
  373      1.0000110865      0.4479606542      0.3015716502      0.0555244649      0.7760308007
  374      1.0000111163      0.4461299154      0.3022786958      0.0552976646      0.7769461981
  375      1.0000111461      0.4443066604      0.3029836992      0.0550717900      0.7778578537
  376      1.0000111759      0.4424908586      0.3036866620      0.0548468376      0.7787657827
  377      1.0000112057      0.4406824795      0.3043875857      0.0546228034      0.7796700005
  378      1.0000112355      0.4388814926      0.3050864718      0.0543996839      0.7805705222
  379      1.0000112653      0.4370878677      0.3057833219      0.0541774753      0.7814673630
  380      1.0000112951      0.4353015745      0.3064781377      0.0539561739      0.7823605380
  381      1.0000113249      0.4335225832      0.3071709209      0.0537357761      0.7832500622
  382      1.0000113547      0.4317508638      0.3078616731      0.0535162781      0.7841359504
  383      1.0000113846      0.4299863865      0.3085503962      0.0532976764      0.7850182177
  384      1.0000114144      0.4282291216      0.3092370921      0.0530799672      0.7858968787
  385      1.0000114442      0.4264790397      0.3099217625      0.0528631471      0.7867719484
  386      1.0000114740      0.4247361113      0.3106044095      0.0526472123      0.7876434413
  387      1.0000115038      0.4230003071      0.3112850349      0.0524321594      0.7885113722
  388      1.0000115336      0.4212715980      0.3119636409      0.0522179846      0.7893757556
  389      1.0000115634      0.4195499550      0.3126402293      0.0520046845      0.7902366060
  390      1.0000115932      0.4178353491      0.3133148025      0.0517922555      0.7910939379
  391      1.0000116230      0.4161277514      0.3139873623      0.0515806940      0.7919477657
  392      1.0000116528      0.4144271334      0.3146579111      0.0513699966      0.7927981037
  393      1.0000116826      0.4127334665      0.3153264511      0.0511601597      0.7936449662
  394      1.0000117124      0.4110467221      0.3159929845      0.0509511799      0.7944883674
  395      1.0000117422      0.4093668721      0.3166575136      0.0507430536      0.7953283215
  396      1.0000117720      0.4076938881      0.3173200407      0.0505357774      0.7961648426
  397      1.0000118018      0.4060277421      0.3179805682      0.0503293478      0.7969979448
  398      1.0000118316      0.4043684061      0.3186390985      0.0501237614      0.7978276420
  399      1.0000118614      0.4027158522      0.3192956341      0.0499190148      0.7986539481
  400      1.0000118912      0.4010700527      0.3199501774      0.0497151045      0.7994768771
  401      1.0000119210      0.3994309800      0.3206027310      0.0495120272      0.8002964427
  402      1.0000119508      0.3977986065      0.3212532974      0.0493097794      0.8011126588
  403      1.0000119806      0.3961729048      0.3219018791      0.0491083578      0.8019255389
  404      1.0000120104      0.3945538477      0.3225484789      0.0489077590      0.8027350968
  405      1.0000120402      0.3929414078      0.3231930993      0.0487079797      0.8035413461
  406      1.0000120700      0.3913355583      0.3238357431      0.0485090166      0.8043443002
  407      1.0000120998      0.3897362721      0.3244764129      0.0483108662      0.8051439727
  408      1.0000121296      0.3881435224      0.3251151116      0.0481135254      0.8059403770
  409      1.0000121594      0.3865572824      0.3257518419      0.0479169908      0.8067335264
  410      1.0000121892      0.3849775255      0.3263866066      0.0477212591      0.8075234343
  411      1.0000122190      0.3834042252      0.3270194086      0.0475263271      0.8083101139
  412      1.0000122488      0.3818373551      0.3276502507      0.0473321915      0.8090935784
  413      1.0000122786      0.3802768889      0.3282791359      0.0471388490      0.8098738410
  414      1.0000123084      0.3787228004      0.3289060671      0.0469462965      0.8106509148
  415      1.0000123382      0.3771750635      0.3295310473      0.0467545307      0.8114248127
  416      1.0000123680      0.3756336523      0.3301540794      0.0465635484      0.8121955479
  417      1.0000123978      0.3740985408      0.3307751664      0.0463733465      0.8129631332
  418      1.0000124276      0.3725697033      0.3313943116      0.0461839216      0.8137275814
  419      1.0000124574      0.3710471142      0.3320115178      0.0459952708      0.8144889056
  420      1.0000124873      0.3695307479      0.3326267883      0.0458073908      0.8152471183
  421      1.0000125171      0.3680205790      0.3332401260      0.0456202784      0.8160022324
  422      1.0000125469      0.3665165820      0.3338515343      0.0454339306      0.8167542604
  423      1.0000125767      0.3650187318      0.3344610163      0.0452483442      0.8175032151
  424      1.0000126065      0.3635270033      0.3350685752      0.0450635161      0.8182491090
  425      1.0000126363      0.3620413714      0.3356742142      0.0448794433      0.8189919546
  426      1.0000126661      0.3605618112      0.3362779367      0.0446961227      0.8197317643
  427      1.0000126959      0.3590882978      0.3368797457      0.0445135511      0.8204685506
  428      1.0000127257      0.3576208066      0.3374796448      0.0443317256      0.8212023259
  429      1.0000127555      0.3561593128      0.3380776372      0.0441506430      0.8219331024
  430      1.0000127853      0.3547037921      0.3386737262      0.0439703005      0.8226608924
  431      1.0000128151      0.3532542199      0.3392679152      0.0437906948      0.8233857082
  432      1.0000128449      0.3518105720      0.3398602077      0.0436118232      0.8241075618
  433      1.0000128747      0.3503728241      0.3404506070      0.0434336824      0.8248264654
  434      1.0000129045      0.3489409521      0.3410391167      0.0432562697      0.8255424311
  435      1.0000129343      0.3475149320      0.3416257400      0.0430795819      0.8262554708
  436      1.0000129641      0.3460947399      0.3422104806      0.0429036161      0.8269655966
  437      1.0000129939      0.3446803519      0.3427933419      0.0427283695      0.8276728203
  438      1.0000130237      0.3432717443      0.3433743274      0.0425538390      0.8283771538
  439      1.0000130535      0.3418688934      0.3439534408      0.0423800218      0.8290786089
  440      1.0000130833      0.3404717758      0.3445306855      0.0422069148      0.8297771974
  441      1.0000131131      0.3390803680      0.3451060651      0.0420345153      0.8304729310
  442      1.0000131429      0.3376946467      0.3456795832      0.0418628204      0.8311658214
  443      1.0000131727      0.3363145886      0.3462512434      0.0416918271      0.8318558802
  444      1.0000132025      0.3349401706      0.3468210494      0.0415215326      0.8325431189
  445      1.0000132323      0.3335713695      0.3473890049      0.0413519341      0.8332275492
  446      1.0000132621      0.3322081625      0.3479551134      0.0411830286      0.8339091824
  447      1.0000132919      0.3308505267      0.3485193787      0.0410148135      0.8345880301
  448      1.0000133217      0.3294984393      0.3490818044      0.0408472858      0.8352641035
  449      1.0000133515      0.3281518776      0.3496423943      0.0406804428      0.8359374141
  450      1.0000133813      0.3268108191      0.3502011521      0.0405142816      0.8366079731
  451      1.0000134111      0.3254752412      0.3507580816      0.0403487996      0.8372757918
  452      1.0000134409      0.3241451215      0.3513131865      0.0401839938      0.8379408814
  453      1.0000134707      0.3228204378      0.3518664706      0.0400198616      0.8386032530
  454      1.0000135005      0.3215011677      0.3524179377      0.0398564001      0.8392629178
  455      1.0000135303      0.3201872893      0.3529675916      0.0396936068      0.8399198867
  456      1.0000135601      0.3188787804      0.3535154361      0.0395314787      0.8405741709
  457      1.0000135900      0.3175756191      0.3540614750      0.0393700133      0.8412257814
  458      1.0000136198      0.3162777835      0.3546057123      0.0392092078      0.8418747289
  459      1.0000136496      0.3149852519      0.3551481517      0.0390490595      0.8425210245
  460      1.0000136794      0.3136980026      0.3556887971      0.0388895657      0.8431646789
  461      1.0000137092      0.3124160139      0.3562276524      0.0387307238      0.8438057030
  462      1.0000137390      0.3111392645      0.3567647215      0.0385725311      0.8444441075
  463      1.0000137688      0.3098677328      0.3573000084      0.0384149849      0.8450799031
  464      1.0000137986      0.3086013976      0.3578335169      0.0382580826      0.8457131005
  465      1.0000138284      0.3073402376      0.3583652509      0.0381018216      0.8463437102
  466      1.0000138582      0.3060842317      0.3588952145      0.0379461993      0.8469717430
  467      1.0000138880      0.3048333587      0.3594234115      0.0377912130      0.8475972092
  468      1.0000139178      0.3035875978      0.3599498460      0.0376368602      0.8482201195
  469      1.0000139476      0.3023469280      0.3604745219      0.0374831382      0.8488404842
  470      1.0000139774      0.3011113284      0.3609974431      0.0373300445      0.8494583137
  471      1.0000140072      0.2998807785      0.3615186138      0.0371775766      0.8500736184
  472      1.0000140370      0.2986552576      0.3620380378      0.0370257318      0.8506864087
  473      1.0000140668      0.2974347450      0.3625557192      0.0368745076      0.8512966948
  474      1.0000140966      0.2962192203      0.3630716621      0.0367239015      0.8519044869
  475      1.0000141264      0.2950086632      0.3635858704      0.0365739110      0.8525097952
  476      1.0000141562      0.2938030533      0.3640983482      0.0364245335      0.8531126300
  477      1.0000141860      0.2926023704      0.3646090996      0.0362757666      0.8537130012
  478      1.0000142158      0.2914065944      0.3651181286      0.0361276077      0.8543109190
  479      1.0000142456      0.2902157052      0.3656254392      0.0359800544      0.8549063933
  480      1.0000142754      0.2890296829      0.3661310356      0.0358331042      0.8554994343
