# time   trace   domains   purity   coherence  equireached
    1      1.0000000000      6.5454545455      0.0010822511      0.0000000000      0.0000000000
    2      1.0000000298      6.0000001788      0.0004673357      0.5454545915      0.0000000000
    3      1.0000000596      5.5454548760      0.0004194283      0.6289683511      0.0000000000
    4      1.0000000894      5.1633001249      0.0004498240      0.6659603462      0.0000000000
    5      1.0000001192      4.8391034108      0.0005159865      0.5975396350      0.0000000000
    6      1.0000001490      4.5616355469      0.0006083743      0.5935449928      0.0000000000
    7      1.0000001788      4.3221374230      0.0007233701      0.5543521368      0.0000676407
    8      1.0000002086      4.1137421235      0.0008586804      0.5315391388      0.0002670165
    9      1.0000002384      3.9310313007      0.0010121489      0.5066831014      0.0006515012
   10      1.0000002682      3.7696987475      0.0011814552      0.4872251173      0.0012565674
   11      1.0000002980      3.6262963496      0.0013641569      0.4687586470      0.0021027820
   12      1.0000003278      3.4980421547      0.0015578497      0.4528327612      0.0031984869
   13      1.0000003576      3.3826748973      0.0017603322      0.4382818953      0.0045432323
   14      1.0000003874      3.2783431845      0.0019697250      0.4257011175      0.0061303847
   15      1.0000004172      3.1835205820      0.0021845332      0.4150550046      0.0079492693
   16      1.0000004470      3.0969401220      0.0024036601      0.4057105785      0.0099867155
   17      1.0000004768      3.0175434495      0.0026263864      0.3970725770      0.0122281952
   18      1.0000005066      2.9444410646      0.0028523286      0.3891191353      0.0146586161
   19      1.0000005364      2.8768810283      0.0030813869      0.3817280890      0.0172628728
   20      1.0000005662      2.8142241670      0.0033136917      0.3749635510      0.0200262142
   21      1.0000005960      2.7559242975      0.0035495517      0.3685330969      0.0229344809
   22      1.0000006258      2.7015123579      0.0037894067      0.3623307096      0.0259742494
   23      1.0000006557      2.6505835954      0.0040337884      0.3562869333      0.0291329100
   24      1.0000006855      2.6027871621      0.0042832857      0.3504169740      0.0323986993
   25      1.0000007153      2.5578176185      0.0045385178      0.3447921748      0.0357607015
   26      1.0000007451      2.5154079588      0.0048001123      0.3393539893      0.0392088279
   27      1.0000007749      2.4753238544      0.0050686882      0.3340069549      0.0427337840
   28      1.0000008047      2.4373588811      0.0053448435      0.3287492823      0.0463270279
   29      1.0000008345      2.4013305414      0.0056291457      0.3236154621      0.0499807238
   30      1.0000008643      2.3670769363      0.0059221256      0.3186157154      0.0536876945
   31      1.0000008941      2.3344539665      0.0062242731      0.3138163880      0.0574413731
   32      1.0000009239      2.3033329709      0.0065360348      0.3091202194      0.0612357566
   33      1.0000009537      2.2735987249      0.0068578128      0.3044691086      0.0650653603
   34      1.0000009835      2.2451477366      0.0071899653      0.2998910585      0.0689251757
   35      1.0000010133      2.2178867937      0.0075328069      0.2953882924      0.0728106306
   36      1.0000010431      2.1917317165      0.0078866101      0.2909467178      0.0767175517
   37      1.0000010729      2.1666062871      0.0082516075      0.2865930741      0.0806421304
   38      1.0000011027      2.1424413247      0.0086279932      0.2823143638      0.0845808909
   39      1.0000011325      2.1191738862      0.0090159256      0.2781116945      0.0885306615
   40      1.0000011623      2.0967465719      0.0094155294      0.2739956094      0.0924885478
   41      1.0000011921      2.0751069213      0.0098268979      0.2699628217      0.0964519082
   42      1.0000012219      2.0542068854      0.0102500956      0.2660178646      0.1004183321
   43      1.0000012517      2.0340023653      0.0106851601      0.2621649206      0.1043856196
   44      1.0000012815      2.0144528070      0.0111321044      0.2584041518      0.1083517630
   45      1.0000013113      1.9955208451      0.0115909190      0.2547364290      0.1123149302
   46      1.0000013411      1.9771719880      0.0120615740      0.2511641458      0.1162734497
   47      1.0000013709      1.9593743409      0.0125440205      0.2476911837      0.1202257966
   48      1.0000014007      1.9420983588      0.0130381930      0.2443174304      0.1241705805
   49      1.0000014305      1.9253166285      0.0135440105      0.2410404612      0.1281065335
   50      1.0000014603      1.9090036742      0.0140613783      0.2378592202      0.1320325005
   51      1.0000014901      1.8931357836      0.0145901893      0.2347731477      0.1359474297
   52      1.0000015199      1.8776908536      0.0151303254      0.2317816181      0.1398503640
   53      1.0000015497      1.8626482513      0.0156816589      0.2288852505      0.1437404331
   54      1.0000015795      1.8479886899      0.0162440532      0.2260796171      0.1476168468
   55      1.0000016093      1.8336941166      0.0168173642      0.2233632285      0.1514788884
   56      1.0000016391      1.8197476127      0.0174014413      0.2207342499      0.1553259088
   57      1.0000016689      1.8061333022      0.0179961280      0.2181909246      0.1591573213
   58      1.0000016987      1.7928362703      0.0186012631      0.2157310262      0.1629725967
   59      1.0000017285      1.7798424895      0.0192166809      0.2133517704      0.1667712588
   60      1.0000017583      1.7671387520      0.0198422127      0.2110508766      0.1705528804
   61      1.0000017881      1.7547126088      0.0204776867      0.2088260110      0.1743170792
   62      1.0000018179      1.7425523149      0.0211229291      0.2066748012      0.1780635152
   63      1.0000018477      1.7306467779      0.0217777641      0.2045948954      0.1817918866
   64      1.0000018775      1.7189855127      0.0224420150      0.2025840692      0.1855019277
   65      1.0000019074      1.7075585993      0.0231155043      0.2006400202      0.1891934056
   66      1.0000019372      1.6963566439      0.0237980541      0.1987600756      0.1928661182
   67      1.0000019670      1.6853707446      0.0244894866      0.1969419715      0.1965198918
   68      1.0000019968      1.6745924582      0.0251896242      0.1951832343      0.2001545790
   69      1.0000020266      1.6640137708      0.0258982901      0.1934815462      0.2037700566
   70      1.0000020564      1.6536270709      0.0266153086      0.1918346529      0.2073662243
   71      1.0000020862      1.6434251236      0.0273405048      0.1902403826      0.2109430025
   72      1.0000021160      1.6334010480      0.0280737056      0.1886966631      0.2145003310
   73      1.0000021458      1.6235482953      0.0288147392      0.1872013361      0.2180381676
   74      1.0000021756      1.6138606293      0.0295634358      0.1857523762      0.2215564867
   75      1.0000022054      1.6043321078      0.0303196274      0.1843478317      0.2250552782
   76      1.0000022352      1.5949570660      0.0310831482      0.1829858301      0.2285345463
   77      1.0000022650      1.5857301001      0.0318538344      0.1816645221      0.2319943081
   78      1.0000022948      1.5766460533      0.0326315247      0.1803820826      0.2354345931
   79      1.0000023246      1.5677000015      0.0334160600      0.1791367971      0.2388554420
   80      1.0000023544      1.5588872411      0.0342072838      0.1779270103      0.2422569060
   81      1.0000023842      1.5502032769      0.0350050419      0.1767511172      0.2456390457
   82      1.0000024140      1.5416438109      0.0358091830      0.1756075804      0.2490019305
   83      1.0000024438      1.5332047323      0.0366195581      0.1744949355      0.2523456381
   84      1.0000024736      1.5248821075      0.0374360210      0.1734117470      0.2556702533
   85      1.0000025034      1.5166721712      0.0382584281      0.1723566502      0.2589758679
   86      1.0000025332      1.5085713179      0.0390866384      0.1713283370      0.2622625800
   87      1.0000025630      1.5005760937      0.0399205137      0.1703255627      0.2655304932
   88      1.0000025928      1.4926831890      0.0407599184      0.1693471283      0.2687797164
   89      1.0000026226      1.4848894316      0.0416047196      0.1683918720      0.2720103629
   90      1.0000026524      1.4771917797      0.0424547870      0.1674586918      0.2752225505
   91      1.0000026822      1.4695873159      0.0433099931      0.1665465356      0.2784164008
   92      1.0000027120      1.4620732414      0.0441702127      0.1656543959      0.2815920386
   93      1.0000027418      1.4546468699      0.0450353234      0.1647813128      0.2847495919
   94      1.0000027716      1.4473056233      0.0459052053      0.1639263699      0.2878891913
   95      1.0000028014      1.4400470257      0.0467797412      0.1630886932      0.2910109699
   96      1.0000028312      1.4328686996      0.0476588160      0.1622674485      0.2941150626
   97      1.0000028610      1.4257683609      0.0485423175      0.1614657419      0.2972016064
   98      1.0000028908      1.4187438148      0.0494301355      0.1606866475      0.3002707395
   99      1.0000029206      1.4117929520      0.0503221624      0.1599213964      0.3033226016
  100      1.0000029504      1.4049137449      0.0512182929      0.1591693073      0.3063573333
  101      1.0000029802      1.3981042439      0.0521184240      0.1584297325      0.3093750759
  102      1.0000030100      1.3913625739      0.0530224547      0.1577020564      0.3123759716
  103      1.0000030398      1.3846869315      0.0539302865      0.1569856936      0.3153601628
  104      1.0000030696      1.3780755814      0.0548418229      0.1562800882      0.3183277922
  105      1.0000030994      1.3715268539      0.0557569694      0.1555847122      0.3212790026
  106      1.0000031292      1.3650391419      0.0566756337      0.1548990643      0.3242139366
  107      1.0000031591      1.3586108984      0.0575977253      0.1542226691      0.3271327368
  108      1.0000031889      1.3522406337      0.0585231560      0.1535550754      0.3300355453
  109      1.0000032187      1.3459269133      0.0594518391      0.1528988910      0.3329225037
  110      1.0000032485      1.3396683557      0.0603836899      0.1522509388      0.3357937532
  111      1.0000032783      1.3334636299      0.0613186255      0.1516105027      0.3386494342
  112      1.0000033081      1.3273114534      0.0622565649      0.1509772197      0.3414896863
  113      1.0000033379      1.3212105902      0.0631974285      0.1503507464      0.3443146483
  114      1.0000033677      1.3151598494      0.0641411387      0.1497307576      0.3471244580
  115      1.0000033975      1.3091580825      0.0650876192      0.1491169457      0.3499192523
  116      1.0000034273      1.3032041823      0.0660367955      0.1485090199      0.3526991668
  117      1.0000034571      1.2972970813      0.0669885946      0.1479067054      0.3554643361
  118      1.0000034869      1.2914357496      0.0679429448      0.1473097423      0.3582148938
  119      1.0000035167      1.2856191939      0.0688997760      0.1467178854      0.3609509718
  120      1.0000035465      1.2798464558      0.0698590196      0.1461311069      0.3636727010
  121      1.0000035763      1.2741166105      0.0708206082      0.1455490049      0.3663802111
  122      1.0000036061      1.2684287653      0.0717844756      0.1449713468      0.3690736300
  123      1.0000036359      1.2627820587      0.0727505573      0.1443979382      0.3717530846
  124      1.0000036657      1.2571756589      0.0737187896      0.1438285959      0.3744187002
  125      1.0000036955      1.2516087627      0.0746891103      0.1432631472      0.3770706007
  126      1.0000037253      1.2460805943      0.0756614582      0.1427014296      0.3797089085
  127      1.0000037551      1.2405904046      0.0766357734      0.1421432900      0.3823337446
  128      1.0000037849      1.2351374695      0.0776119970      0.1415885842      0.3849452283
  129      1.0000038147      1.2297210897      0.0785900711      0.1410371770      0.3875434776
  130      1.0000038445      1.2243405893      0.0795699391      0.1404889408      0.3901286090
  131      1.0000038743      1.2189953148      0.0805515451      0.1399437560      0.3927007373
  132      1.0000039041      1.2136846346      0.0815348344      0.1394015102      0.3952599758
  133      1.0000039339      1.2084079381      0.0825197532      0.1388620978      0.3978064365
  134      1.0000039637      1.2031646344      0.0835062486      0.1383254199      0.4003402297
  135      1.0000039935      1.1979541524      0.0844942685      0.1377913836      0.4028614642
  136      1.0000040233      1.1927759394      0.0854837619      0.1372599020      0.4053702471
  137      1.0000040531      1.1876294605      0.0864746784      0.1367308934      0.4078666845
  138      1.0000040829      1.1825141982      0.0874669687      0.1362042817      0.4103508804
  139      1.0000041127      1.1774296515      0.0884605839      0.1356799954      0.4128229377
  140      1.0000041425      1.1723753354      0.0894554764      0.1351579679      0.4152829577
  141      1.0000041723      1.1673507803      0.0904515989      0.1346381368      0.4177310402
  142      1.0000042021      1.1623555311      0.0914489049      0.1341204438      0.4201672835
  143      1.0000042319      1.1573891474      0.0924473489      0.1336048348      0.4225917847
  144      1.0000042617      1.1524512021      0.0934468859      0.1330912590      0.4250046392
  145      1.0000042915      1.1475412815      0.0944474714      0.1325796693      0.4274059411
  146      1.0000043213      1.1426589847      0.0954490619      0.1320700218      0.4297957829
  147      1.0000043511      1.1378039227      0.0964516143      0.1315622756      0.4321742562
  148      1.0000043810      1.1329757187      0.0974550861      0.1310563929      0.4345414507
  149      1.0000044108      1.1281740069      0.0984594357      0.1305523383      0.4368974550
  150      1.0000044406      1.1233984327      0.0994646216      0.1300500793      0.4392423564
  151      1.0000044704      1.1186486520      0.1004706034      0.1295495856      0.4415762408
  152      1.0000045002      1.1139243305      0.1014773409      0.1290508291      0.4438991928
  153      1.0000045300      1.1092251443      0.1024847946      0.1285537840      0.4462112958
  154      1.0000045598      1.1045507784      0.1034929254      0.1280584263      0.4485126319
  155      1.0000045896      1.0999009270      0.1045016948      0.1275647340      0.4508032820
  156      1.0000046194      1.0952752933      0.1055110650      0.1270726867      0.4530833256
  157      1.0000046492      1.0906735887      0.1065209983      0.1265822658      0.4553528413
  158      1.0000046790      1.0860955328      0.1075314577      0.1260934542      0.4576119063
  159      1.0000047088      1.0815408530      0.1085424068      0.1256062360      0.4598605967
  160      1.0000047386      1.0770092843      0.1095538095      0.1251205969      0.4620989875
  161      1.0000047684      1.0725005690      0.1105656300      0.1246365236      0.4643271525
  162      1.0000047982      1.0680144564      0.1115778333      0.1241540043      0.4665451645
  163      1.0000048280      1.0635507025      0.1125903846      0.1236730337      0.4687530951
  164      1.0000048578      1.0591090699      0.1136032496      0.1231935967      0.4709510149
  165      1.0000048876      1.0546893276      0.1146163943      0.1227156835      0.4731389936
  166      1.0000049174      1.0502912505      0.1156297853      0.1222392860      0.4753170995
  167      1.0000049472      1.0459146195      0.1166433895      0.1217643970      0.4774854004
  168      1.0000049770      1.0415592211      0.1176571741      0.1212910097      0.4796439626
  169      1.0000050068      1.0372248472      0.1186711068      0.1208191184      0.4817928519
  170      1.0000050366      1.0329112950      0.1196851557      0.1203487176      0.4839321328
  171      1.0000050664      1.0286183668      0.1206992891      0.1198798028      0.4860618691
  172      1.0000050962      1.0243458698      0.1217134760      0.1194123698      0.4881821235
  173      1.0000051260      1.0200936159      0.1227276854      0.1189464148      0.4902929580
  174      1.0000051558      1.0158614216      0.1237418869      0.1184819347      0.4923944335
  175      1.0000051856      1.0116491078      0.1247560503      0.1180189268      0.4944866104
  176      1.0000052154      1.0074564997      0.1257701457      0.1175573885      0.4965695478
  177      1.0000052452      1.0032834264      0.1267841438      0.1170973177      0.4986433044
  178      1.0000052750      0.9991297213      0.1277980153      0.1166387128      0.5007079378
  179      1.0000053048      0.9949952213      0.1288117315      0.1161815722      0.5027635049
  180      1.0000053346      0.9908797672      0.1298252639      0.1157258946      0.5048100619
  181      1.0000053644      0.9867832032      0.1308385843      0.1152716791      0.5068476642
  182      1.0000053942      0.9827053773      0.1318516649      0.1148189248      0.5088763664
  183      1.0000054240      0.9786461404      0.1328644781      0.1143676311      0.5108962224
  184      1.0000054538      0.9746053469      0.1338769966      0.1139177975      0.5129072855
  185      1.0000054836      0.9705828541      0.1348891936      0.1134694236      0.5149096081
  186      1.0000055134      0.9665785226      0.1359010424      0.1130225092      0.5169032422
  187      1.0000055432      0.9625922157      0.1369125166      0.1125770543      0.5188882388
  188      1.0000055730      0.9586237995      0.1379235902      0.1121330586      0.5208646485
  189      1.0000056029      0.9546731428      0.1389342375      0.1116905223      0.5228325211
  190      1.0000056327      0.9507401172      0.1399444330      0.1112494454      0.5247919060
  191      1.0000056625      0.9468245967      0.1409541514      0.1108098280      0.5267428517
  192      1.0000056923      0.9429264577      0.1419633678      0.1103716703      0.5286854062
  193      1.0000057221      0.9390455791      0.1429720577      0.1099349724      0.5306196171
  194      1.0000057519      0.9351818421      0.1439801966      0.1094997344      0.5325455313
  195      1.0000057817      0.9313351300      0.1449877604      0.1090659566      0.5344631950
  196      1.0000058115      0.9275053283      0.1459947254      0.1086336391      0.5363726539
  197      1.0000058413      0.9236923247      0.1470010679      0.1082027819      0.5382739535
  198      1.0000058711      0.9198960087      0.1480067647      0.1077733854      0.5401671383
  199      1.0000059009      0.9161162719      0.1490117928      0.1073454493      0.5420522525
  200      1.0000059307      0.9123530077      0.1500161293      0.1069189740      0.5439293398
  201      1.0000059605      0.9086061114      0.1510197517      0.1064939592      0.5457984435
  202      1.0000059903      0.9048754800      0.1520226378      0.1060704049      0.5476596063
  203      1.0000060201      0.9011610123      0.1530247655      0.1056483111      0.5495128703
  204      1.0000060499      0.8974626087      0.1540261131      0.1052276776      0.5513582774
  205      1.0000060797      0.8937801712      0.1550266591      0.1048085040      0.5531958689
  206      1.0000061095      0.8901136033      0.1560263822      0.1043907902      0.5550256857
  207      1.0000061393      0.8864628102      0.1570252614      0.1039745356      0.5568477682
  208      1.0000061691      0.8828276984      0.1580232758      0.1035597400      0.5586621564
  209      1.0000061989      0.8792081758      0.1590204050      0.1031464028      0.5604688901
  210      1.0000062287      0.8756041517      0.1600166287      0.1027345233      0.5622680083
  211      1.0000062585      0.8720155369      0.1610119267      0.1023241010      0.5640595499
  212      1.0000062883      0.8684422433      0.1620062792      0.1019151350      0.5658435532
  213      1.0000063181      0.8648841840      0.1629996667      0.1015076245      0.5676200565
  214      1.0000063479      0.8613412736      0.1639920698      0.1011015687      0.5693890972
  215      1.0000063777      0.8578134277      0.1649834693      0.1006969665      0.5711507127
  216      1.0000064075      0.8543005629      0.1659738464      0.1002938170      0.5729049400
  217      1.0000064373      0.8508025972      0.1669631823      0.0998921188      0.5746518156
  218      1.0000064671      0.8473194495      0.1679514585      0.0994918709      0.5763913757
  219      1.0000064969      0.8438510397      0.1689386569      0.0990930718      0.5781236563
  220      1.0000065267      0.8403972891      0.1699247595      0.0986957202      0.5798486929
  221      1.0000065565      0.8369581194      0.1709097484      0.0982998147      0.5815665209
  222      1.0000065863      0.8335334537      0.1718936060      0.0979053536      0.5832771750
  223      1.0000066161      0.8301232160      0.1728763151      0.0975123354      0.5849806900
  224      1.0000066459      0.8267273309      0.1738578584      0.0971207583      0.5866771002
  225      1.0000066757      0.8233457243      0.1748382191      0.0967306205      0.5883664395
  226      1.0000067055      0.8199783226      0.1758173804      0.0963419202      0.5900487418
  227      1.0000067353      0.8166250534      0.1767953258      0.0959546554      0.5917240404
  228      1.0000067651      0.8132858446      0.1777720391      0.0955688240      0.5933923685
  229      1.0000067950      0.8099606255      0.1787475041      0.0951844241      0.5950537590
  230      1.0000068248      0.8066493257      0.1797217049      0.0948014534      0.5967082445
  231      1.0000068546      0.8033518758      0.1806946260      0.0944199097      0.5983558574
  232      1.0000068844      0.8000682071      0.1816662518      0.0940397907      0.5999966296
  233      1.0000069142      0.7967982514      0.1826365670      0.0936610940      0.6016305932
  234      1.0000069440      0.7935419414      0.1836055566      0.0932838171      0.6032577795
  235      1.0000069738      0.7902992106      0.1845732057      0.0929079575      0.6048782201
  236      1.0000070036      0.7870699929      0.1855394997      0.0925335127      0.6064919459
  237      1.0000070334      0.7838542229      0.1865044241      0.0921604800      0.6080989878
  238      1.0000070632      0.7806518358      0.1874679645      0.0917888566      0.6096993764
  239      1.0000070930      0.7774627677      0.1884301070      0.0914186399      0.6112931421
  240      1.0000071228      0.7742869549      0.1893908377      0.0910498270      0.6128803151
  241      1.0000071526      0.7711243345      0.1903501428      0.0906824150      0.6144609252
  242      1.0000071824      0.7679748442      0.1913080088      0.0903164009      0.6160350024
  243      1.0000072122      0.7648384220      0.1922644225      0.0899517818      0.6176025759
  244      1.0000072420      0.7617150068      0.1932193706      0.0895885546      0.6191636753
  245      1.0000072718      0.7586045378      0.1941728403      0.0892267162      0.6207183294
  246      1.0000073016      0.7555069547      0.1951248187      0.0888662634      0.6222665673
  247      1.0000073314      0.7524221979      0.1960752934      0.0885071930      0.6238084176
  248      1.0000073612      0.7493502081      0.1970242519      0.0881495018      0.6253439089
  249      1.0000073910      0.7462909266      0.1979716820      0.0877931864      0.6268730693
  250      1.0000074208      0.7432442950      0.1989175716      0.0874382436      0.6283959271
  251      1.0000074506      0.7402102557      0.1998619090      0.0870846699      0.6299125102
  252      1.0000074804      0.7371887511      0.2008046824      0.0867324618      0.6314228462
  253      1.0000075102      0.7341797245      0.2017458803      0.0863816159      0.6329269629
  254      1.0000075400      0.7311831194      0.2026854914      0.0860321288      0.6344248874
  255      1.0000075698      0.7281988796      0.2036235046      0.0856839967      0.6359166472
  256      1.0000075996      0.7252269497      0.2045599088      0.0853372162      0.6374022691
  257      1.0000076294      0.7222672742      0.2054946932      0.0849917835      0.6388817800
  258      1.0000076592      0.7193197985      0.2064278472      0.0846476951      0.6403552067
  259      1.0000076890      0.7163844681      0.2073593603      0.0843049472      0.6418225757
  260      1.0000077188      0.7134612289      0.2082892223      0.0839635362      0.6432839134
  261      1.0000077486      0.7105500273      0.2092174228      0.0836234581      0.6447392459
  262      1.0000077784      0.7076508099      0.2101439521      0.0832847094      0.6461885993
  263      1.0000078082      0.7047635239      0.2110688001      0.0829472860      0.6476319996
  264      1.0000078380      0.7018881167      0.2119919573      0.0826111842      0.6490694723
  265      1.0000078678      0.6990245360      0.2129134142      0.0822764002      0.6505010432
  266      1.0000078976      0.6961727300      0.2138331614      0.0819429299      0.6519267377
  267      1.0000079274      0.6933326472      0.2147511898      0.0816107695      0.6533465811
  268      1.0000079573      0.6905042362      0.2156674903      0.0812799151      0.6547605985
  269      1.0000079871      0.6876874463      0.2165820540      0.0809503626      0.6561688149
  270      1.0000080169      0.6848822269      0.2174948722      0.0806221081      0.6575712551
  271      1.0000080467      0.6820885277      0.2184059363      0.0802951475      0.6589679440
  272      1.0000080765      0.6793062989      0.2193152379      0.0799694769      0.6603589061
  273      1.0000081063      0.6765354907      0.2202227688      0.0796450922      0.6617441657
  274      1.0000081361      0.6737760539      0.2211285208      0.0793219893      0.6631237474
  275      1.0000081659      0.6710279394      0.2220324859      0.0790001642      0.6644976751
  276      1.0000081957      0.6682910985      0.2229346564      0.0786796127      0.6658659731
  277      1.0000082255      0.6655654828      0.2238350244      0.0783603308      0.6672286651
  278      1.0000082553      0.6628510441      0.2247335826      0.0780423143      0.6685857750
  279      1.0000082851      0.6601477344      0.2256303234      0.0777255590      0.6699373264
  280      1.0000083149      0.6574555063      0.2265252396      0.0774100609      0.6712833430
  281      1.0000083447      0.6547743124      0.2274183242      0.0770958158      0.6726238480
  282      1.0000083745      0.6521041056      0.2283095701      0.0767828195      0.6739588648
  283      1.0000084043      0.6494448390      0.2291989704      0.0764710678      0.6752884165
  284      1.0000084341      0.6467964662      0.2300865185      0.0761605566      0.6766125262
  285      1.0000084639      0.6441589409      0.2309722078      0.0758512816      0.6779312169
  286      1.0000084937      0.6415322170      0.2318560318      0.0755432387      0.6792445113
  287      1.0000085235      0.6389162487      0.2327379842      0.0752364236      0.6805524322
  288      1.0000085533      0.6363109905      0.2336180590      0.0749308321      0.6818550021
  289      1.0000085831      0.6337163972      0.2344962499      0.0746264600      0.6831522434
  290      1.0000086129      0.6311324236      0.2353725511      0.0743233032      0.6844441786
  291      1.0000086427      0.6285590249      0.2362469569      0.0740213572      0.6857308299
  292      1.0000086725      0.6259961567      0.2371194614      0.0737206180      0.6870122195
  293      1.0000087023      0.6234437744      0.2379900593      0.0734210813      0.6882883693
  294      1.0000087321      0.6209018340      0.2388587451      0.0731227428      0.6895593012
  295      1.0000087619      0.6183702917      0.2397255134      0.0728255983      0.6908250371
  296      1.0000087917      0.6158491037      0.2405903592      0.0725296436      0.6920855987
  297      1.0000088215      0.6133382266      0.2414532773      0.0722348744      0.6933410076
  298      1.0000088513      0.6108376171      0.2423142629      0.0719412865      0.6945912852
  299      1.0000088811      0.6083472324      0.2431733111      0.0716488756      0.6958364530
  300      1.0000089109      0.6058670295      0.2440304172      0.0713576376      0.6970765322
  301      1.0000089407      0.6033969659      0.2448855766      0.0710675681      0.6983115441
  302      1.0000089705      0.6009369992      0.2457387850      0.0707786629      0.6995415097
  303      1.0000090003      0.5984870873      0.2465900379      0.0704909179      0.7007664500
  304      1.0000090301      0.5960471882      0.2474393311      0.0702043286      0.7019863858
  305      1.0000090599      0.5936172602      0.2482866605      0.0699188911      0.7032013381
  306      1.0000090897      0.5911972616      0.2491320220      0.0696346009      0.7044113274
  307      1.0000091196      0.5887871513      0.2499754118      0.0693514539      0.7056163743
  308      1.0000091494      0.5863868879      0.2508168260      0.0690694458      0.7068164995
  309      1.0000091792      0.5839964306      0.2516562611      0.0687885725      0.7080117232
  310      1.0000092090      0.5816157386      0.2524937133      0.0685088297      0.7092020657
  311      1.0000092388      0.5792447713      0.2533291792      0.0682302133      0.7103875474
  312      1.0000092686      0.5768834884      0.2541626554      0.0679527190      0.7115681883
  313      1.0000092984      0.5745318496      0.2549941387      0.0676763426      0.7127440084
  314      1.0000093282      0.5721898151      0.2558236259      0.0674010800      0.7139150277
  315      1.0000093580      0.5698573449      0.2566511139      0.0671269270      0.7150812660
  316      1.0000093878      0.5675343994      0.2574765998      0.0668538793      0.7162427431
  317      1.0000094176      0.5652209392      0.2583000807      0.0665819329      0.7173994787
  318      1.0000094474      0.5629169251      0.2591215538      0.0663110836      0.7185514923
  319      1.0000094772      0.5606223179      0.2599410164      0.0660413271      0.7196988035
  320      1.0000095070      0.5583370788      0.2607584660      0.0657726595      0.7208414316
  321      1.0000095368      0.5560611690      0.2615739001      0.0655050765      0.7219793960
  322      1.0000095666      0.5537945499      0.2623873163      0.0652385739      0.7231127159
  323      1.0000095964      0.5515371833      0.2631987123      0.0649731478      0.7242414104
  324      1.0000096262      0.5492890309      0.2640080860      0.0647087939      0.7253654987
  325      1.0000096560      0.5470500547      0.2648154351      0.0644455082      0.7264849996
  326      1.0000096858      0.5448202168      0.2656207576      0.0641832866      0.7275999321
  327      1.0000097156      0.5425994796      0.2664240517      0.0639221250      0.7287103150
  328      1.0000097454      0.5403878055      0.2672253155      0.0636620192      0.7298161670
  329      1.0000097752      0.5381851571      0.2680245473      0.0634029654      0.7309175068
  330      1.0000098050      0.5359914973      0.2688217453      0.0631449593      0.7320143529
  331      1.0000098348      0.5338067891      0.2696169080      0.0628879969      0.7331067238
  332      1.0000098646      0.5316309956      0.2704100338      0.0626320743      0.7341946380
  333      1.0000098944      0.5294640801      0.2712011215      0.0623771873      0.7352781137
  334      1.0000099242      0.5273060061      0.2719901695      0.0621233320      0.7363571691
  335      1.0000099540      0.5251567373      0.2727771768      0.0618705043      0.7374318225
  336      1.0000099838      0.5230162373      0.2735621420      0.0616187004      0.7385020919
  337      1.0000100136      0.5208844701      0.2743450642      0.0613679160      0.7395679954
  338      1.0000100434      0.5187613999      0.2751259422      0.0611181474      0.7406295508
  339      1.0000100732      0.5166469910      0.2759047752      0.0608693906      0.7416867760
  340      1.0000101030      0.5145412076      0.2766815624      0.0606216415      0.7427396888
  341      1.0000101328      0.5124440145      0.2774563028      0.0603748962      0.7437883068
  342      1.0000101626      0.5103553763      0.2782289959      0.0601291509      0.7448326478
  343      1.0000101924      0.5082752578      0.2789996410      0.0598844016      0.7458727292
  344      1.0000102222      0.5062036242      0.2797682376      0.0596406443      0.7469085686
  345      1.0000102521      0.5041404407      0.2805347851      0.0593978753      0.7479401833
  346      1.0000102819      0.5020856724      0.2812992831      0.0591560905      0.7489675905
  347      1.0000103117      0.5000392850      0.2820617314      0.0589152862      0.7499908077
  348      1.0000103415      0.4980012440      0.2828221296      0.0586754585      0.7510098520
  349      1.0000103713      0.4959715152      0.2835804775      0.0584366035      0.7520247403
  350      1.0000104011      0.4939500646      0.2843367751      0.0581987174      0.7530354899
  351      1.0000104309      0.4919368581      0.2850910222      0.0579617964      0.7540421176
  352      1.0000104607      0.4899318621      0.2858432189      0.0577258367      0.7550446404
  353      1.0000104905      0.4879350428      0.2865933652      0.0574908344      0.7560430750
  354      1.0000105203      0.4859463668      0.2873414613      0.0572567857      0.7570374382
  355      1.0000105501      0.4839658007      0.2880875073      0.0570236870      0.7580277466
  356      1.0000105799      0.4819933113      0.2888315037      0.0567915344      0.7590140168
  357      1.0000106097      0.4800288655      0.2895734505      0.0565603241      0.7599962655
  358      1.0000106395      0.4780724303      0.2903133484      0.0563300525      0.7609745090
  359      1.0000106693      0.4761239731      0.2910511977      0.0561007158      0.7619487637
  360      1.0000106991      0.4741834610      0.2917869990      0.0558723103      0.7629190460
  361      1.0000107289      0.4722508616      0.2925207528      0.0556448323      0.7638853721
  362      1.0000107587      0.4703261426      0.2932524597      0.0554182781      0.7648477582
  363      1.0000107885      0.4684092715      0.2939821206      0.0551926440      0.7658062204
  364      1.0000108183      0.4665002165      0.2947097360      0.0549679264      0.7667607748
  365      1.0000108481      0.4645989454      0.2954353069      0.0547441216      0.7677114373
  366      1.0000108779      0.4627054264      0.2961588341      0.0545212260      0.7686582239
  367      1.0000109077      0.4608196279      0.2968803185      0.0542992359      0.7696011504
  368      1.0000109375      0.4589415181      0.2975997612      0.0540781478      0.7705402326
  369      1.0000109673      0.4570710658      0.2983171631      0.0538579579      0.7714754862
  370      1.0000109971      0.4552082396      0.2990325254      0.0536386628      0.7724069268
  371      1.0000110269      0.4533530082      0.2997458492      0.0534202589      0.7733345701
  372      1.0000110567      0.4515053408      0.3004571357      0.0532027426      0.7742584316
  373      1.0000110865      0.4496652062      0.3011663862      0.0529861103      0.7751785267
  374      1.0000111163      0.4478325738      0.3018736018      0.0527703585      0.7760948708
  375      1.0000111461      0.4460074128      0.3025787842      0.0525554837      0.7770074793
  376      1.0000111759      0.4441896928      0.3032819345      0.0523414824      0.7779163673
  377      1.0000112057      0.4423793833      0.3039830543      0.0521283510      0.7788215502
  378      1.0000112355      0.4405764541      0.3046821450      0.0519160861      0.7797230431
  379      1.0000112653      0.4387808750      0.3053792083      0.0517046842      0.7806208609
  380      1.0000112951      0.4369926159      0.3060742457      0.0514941418      0.7815150188
  381      1.0000113249      0.4352116470      0.3067672589      0.0512844556      0.7824055317
  382      1.0000113547      0.4334379384      0.3074582496      0.0510756220      0.7832924144
  383      1.0000113846      0.4316714606      0.3081472194      0.0508676376      0.7841756819
  384      1.0000114144      0.4299121839      0.3088341703      0.0506604990      0.7850553488
  385      1.0000114442      0.4281600791      0.3095191039      0.0504542028      0.7859314299
  386      1.0000114740      0.4264151167      0.3102020222      0.0502487457      0.7868039398
  387      1.0000115038      0.4246772676      0.3108829272      0.0500441242      0.7876728931
  388      1.0000115336      0.4229465027      0.3115618207      0.0498403350      0.7885383043
  389      1.0000115634      0.4212227932      0.3122387048      0.0496373748      0.7894001879
  390      1.0000115932      0.4195061102      0.3129135815      0.0494352401      0.7902585583
  391      1.0000116230      0.4177964251      0.3135864529      0.0492339277      0.7911134298
  392      1.0000116528      0.4160937092      0.3142573211      0.0490334343      0.7919648167
  393      1.0000116826      0.4143979341      0.3149261883      0.0488337565      0.7928127332
  394      1.0000117124      0.4127090715      0.3155930567      0.0486348912      0.7936571935
  395      1.0000117422      0.4110270932      0.3162579285      0.0484368349      0.7944982117
  396      1.0000117720      0.4093519710      0.3169208061      0.0482395845      0.7953358019
  397      1.0000118018      0.4076836770      0.3175816917      0.0480431366      0.7961699780
  398      1.0000118316      0.4060221833      0.3182405877      0.0478474881      0.7970007541
  399      1.0000118614      0.4043674622      0.3188974966      0.0476526358      0.7978281438
  400      1.0000118912      0.4027194859      0.3195524206      0.0474585763      0.7986521612
  401      1.0000119210      0.4010782271      0.3202053624      0.0472653066      0.7994728198
  402      1.0000119508      0.3994436581      0.3208563243      0.0470728233      0.8002901335
  403      1.0000119806      0.3978157519      0.3215053090      0.0468811235      0.8011041159
  404      1.0000120104      0.3961944811      0.3221523190      0.0466902038      0.8019147806
  405      1.0000120402      0.3945798188      0.3227973570      0.0465000611      0.8027221412
  406      1.0000120700      0.3929717378      0.3234404255      0.0463106923      0.8035262110
  407      1.0000120998      0.3913702115      0.3240815272      0.0461220943      0.8043270035
  408      1.0000121296      0.3897752130      0.3247206648      0.0459342639      0.8051245322
  409      1.0000121594      0.3881867156      0.3253578412      0.0457471981      0.8059188102
  410      1.0000121892      0.3866046930      0.3259930590      0.0455608937      0.8067098510
  411      1.0000122190      0.3850291186      0.3266263210      0.0453753477      0.8074976676
  412      1.0000122488      0.3834599662      0.3272576301      0.0451905570      0.8082822733
  413      1.0000122786      0.3818972095      0.3278869892      0.0450065186      0.8090636811
  414      1.0000123084      0.3803408226      0.3285144010      0.0448232293      0.8098419041
  415      1.0000123382      0.3787907792      0.3291398687      0.0446406862      0.8106169552
  416      1.0000123680      0.3772470537      0.3297633950      0.0444588863      0.8113888475
  417      1.0000123978      0.3757096203      0.3303849829      0.0442778265      0.8121575937
  418      1.0000124276      0.3741784532      0.3310046356      0.0440975038      0.8129232068
  419      1.0000124574      0.3726535269      0.3316223559      0.0439179153      0.8136856995
  420      1.0000124873      0.3711348159      0.3322381470      0.0437390580      0.8144450846
  421      1.0000125171      0.3696222950      0.3328520120      0.0435609289      0.8152013746
  422      1.0000125469      0.3681159388      0.3334639539      0.0433835251      0.8159545823
  423      1.0000125767      0.3666157222      0.3340739759      0.0432068436      0.8167047202
  424      1.0000126065      0.3651216202      0.3346820812      0.0430308815      0.8174518008
  425      1.0000126363      0.3636336079      0.3352882729      0.0428556359      0.8181958366
  426      1.0000126661      0.3621516603      0.3358925543      0.0426811039      0.8189368400
  427      1.0000126959      0.3606757528      0.3364949285      0.0425072826      0.8196748233
  428      1.0000127257      0.3592058607      0.3370953989      0.0423341691      0.8204097990
  429      1.0000127555      0.3577419595      0.3376939688      0.0421617606      0.8211417792
  430      1.0000127853      0.3562840248      0.3382906414      0.0419900541      0.8218707762
  431      1.0000128151      0.3548320323      0.3388854200      0.0418190469      0.8225968022
  432      1.0000128449      0.3533859576      0.3394783081      0.0416487361      0.8233198692
  433      1.0000128747      0.3519457767      0.3400693089      0.0414791188      0.8240399893
  434      1.0000129045      0.3505114656      0.3406584259      0.0413101924      0.8247571745
  435      1.0000129343      0.3490830003      0.3412456625      0.0411419538      0.8254714369
  436      1.0000129641      0.3476603569      0.3418310222      0.0409744005      0.8261827882
  437      1.0000129939      0.3462435117      0.3424145083      0.0408075295      0.8268912405
  438      1.0000130237      0.3448324412      0.3429961244      0.0406413382      0.8275968055
  439      1.0000130535      0.3434271217      0.3435758740      0.0404758237      0.8282994949
  440      1.0000130833      0.3420275298      0.3441537605      0.0403109834      0.8289993206
  441      1.0000131131      0.3406336421      0.3447297875      0.0401468144      0.8296962941
  442      1.0000131429      0.3392454354      0.3453039586      0.0399833140      0.8303904272
  443      1.0000131727      0.3378628865      0.3458762773      0.0398204797      0.8310817314
  444      1.0000132025      0.3364859723      0.3464467472      0.0396583085      0.8317702182
  445      1.0000132323      0.3351146699      0.3470153719      0.0394967979      0.8324558991
  446      1.0000132621      0.3337489565      0.3475821551      0.0393359451      0.8331387855
  447      1.0000132919      0.3323888091      0.3481471003      0.0391757476      0.8338188890
  448      1.0000133217      0.3310342051      0.3487102113      0.0390162025      0.8344962207
  449      1.0000133515      0.3296851220      0.3492714916      0.0388573074      0.8351707920
  450      1.0000133813      0.3283415371      0.3498309451      0.0386990594      0.8358426141
  451      1.0000134111      0.3270034282      0.3503885753      0.0385414561      0.8365116984
  452      1.0000134409      0.3256707728      0.3509443861      0.0383844948      0.8371780558
  453      1.0000134707      0.3243435487      0.3514983811      0.0382281729      0.8378416976
  454      1.0000135005      0.3230217339      0.3520505641      0.0380724877      0.8385026348
  455      1.0000135303      0.3217053061      0.3526009389      0.0379174368      0.8391608784
  456      1.0000135601      0.3203942436      0.3531495092      0.0377630174      0.8398164394
  457      1.0000135900      0.3190885243      0.3536962788      0.0376092271      0.8404693288
  458      1.0000136198      0.3177881265      0.3542412516      0.0374560634      0.8411195574
  459      1.0000136496      0.3164930286      0.3547844313      0.0373035235      0.8417671362
  460      1.0000136794      0.3152032089      0.3553258218      0.0371516051      0.8424120758
  461      1.0000137092      0.3139186459      0.3558654268      0.0370003056      0.8430543871
  462      1.0000137390      0.3126393182      0.3564032504      0.0368496225      0.8436940807
  463      1.0000137688      0.3113652044      0.3569392963      0.0366995532      0.8443311674
  464      1.0000137986      0.3100962832      0.3574735684      0.0365500953      0.8449656577
  465      1.0000138284      0.3088325336      0.3580060707      0.0364012463      0.8455975623
  466      1.0000138582      0.3075739344      0.3585368069      0.0362530037      0.8462268917
  467      1.0000138880      0.3063204646      0.3590657811      0.0361053650      0.8468536563
  468      1.0000139178      0.3050721034      0.3595929971      0.0359583278      0.8474778667
  469      1.0000139476      0.3038288298      0.3601184589      0.0358118897      0.8480995333
  470      1.0000139774      0.3025906232      0.3606421704      0.0356660482      0.8487186663
  471      1.0000140072      0.3013574629      0.3611641356      0.0355208009      0.8493352763
  472      1.0000140370      0.3001293284      0.3616843585      0.0353761454      0.8499493733
  473      1.0000140668      0.2989061990      0.3622028429      0.0352320792      0.8505609678
  474      1.0000140966      0.2976880546      0.3627195930      0.0350886000      0.8511700698
  475      1.0000141264      0.2964748746      0.3632346126      0.0349457054      0.8517766895
  476      1.0000141562      0.2952666389      0.3637479059      0.0348033930      0.8523808372
  477      1.0000141860      0.2940633274      0.3642594767      0.0346616604      0.8529825227
  478      1.0000142158      0.2928649199      0.3647693292      0.0345205053      0.8535817562
  479      1.0000142456      0.2916713965      0.3652774673      0.0343799253      0.8541785477
  480      1.0000142754      0.2904827373      0.3657838950      0.0342399181      0.8547729071
