# time   trace   domains   purity   coherence  equireached
    1      1.0000000000      6.5454545455      0.0010822511      0.0000000000      0.0000000000
    2      1.0000000298      6.0000001788      0.0004673357      0.5454545915      0.0000000000
    3      1.0000000596      5.5454548760      0.0004109495      0.6239169347      0.0000000000
    4      1.0000000894      5.1624583740      0.0004351414      0.5804143671      0.0000000000
    5      1.0000001192      4.8364027932      0.0004945578      0.5220695897      0.0000000000
    6      1.0000001490      4.5561247086      0.0005790185      0.4465245332      0.0000000000
    7      1.0000001788      4.3129993038      0.0006849226      0.3850221955      0.0000676407
    8      1.0000002086      4.1002987853      0.0008103730      0.3357417251      0.0003181446
    9      1.0000002384      3.9127295088      0.0009539132      0.2970320773      0.0008646735
   10      1.0000002682      3.7460928254      0.0011141738      0.2693529228      0.0017886759
   11      1.0000002980      3.5970332964      0.0012898812      0.2484933099      0.0031349271
   12      1.0000003278      3.4628496847      0.0014799867      0.2332937915      0.0049184360
   13      1.0000003576      3.3413517456      0.0016837867      0.2213492321      0.0071334696
   14      1.0000003874      3.2307508717      0.0019009848      0.2118760702      0.0097611451
   15      1.0000004172      3.1295760437      0.0021316942      0.2044976151      0.0127750413
   16      1.0000004470      3.0366088683      0.0023763968      0.1978400107      0.0161450610
   17      1.0000004768      2.9508331165      0.0026358798      0.1919823762      0.0198399289
   18      1.0000005066      2.8713953385      0.0029111630      0.1865476982      0.0238287250
   19      1.0000005364      2.7975739788      0.0032034274      0.1816335552      0.0280817798
   20      1.0000005662      2.7287550382      0.0035139498      0.1769696920      0.0325711606
   21      1.0000005960      2.6644127938      0.0038440473      0.1725898197      0.0372708978
   22      1.0000006258      2.6040944429      0.0041950303      0.1685473003      0.0421570494
   23      1.0000006557      2.5474078008      0.0045681662      0.1646969390      0.0472076689
   24      1.0000006855      2.4940113842      0.0049646513      0.1609825146      0.0524027195
   25      1.0000007153      2.4436063709      0.0053855898      0.1573525606      0.0577239595
   26      1.0000007451      2.3959300370      0.0058319803      0.1538009997      0.0631548147
   27      1.0000007749      2.3507503706      0.0063047065      0.1503431420      0.0686802477
   28      1.0000008047      2.3078616215      0.0068045334      0.1469978492      0.0742866301
   29      1.0000008345      2.2670806056      0.0073321055      0.1437545589      0.0799616197
   30      1.0000008643      2.2282436179      0.0078879493      0.1406204004      0.0856940456
   31      1.0000008941      2.1912038400      0.0084724763      0.1375996357      0.0914738020
   32      1.0000009239      2.1558291538      0.0090859885      0.1346951508      0.0972917497
   33      1.0000009537      2.1220002877      0.0097286845      0.1319086661      0.1031396266
   34      1.0000009835      2.0896092388      0.0104006661      0.1292375999      0.1090099662
   35      1.0000010133      2.0585579243      0.0111019456      0.1266810043      0.1148960234
   36      1.0000010431      2.0287570241      0.0118324532      0.1242372548      0.1207917071
   37      1.0000010729      2.0001249847      0.0125920445      0.1219039271      0.1266915204
   38      1.0000011027      1.9725871582      0.0133805073      0.1196779433      0.1325905047
   39      1.0000011325      1.9460750560      0.0141975689      0.1175556177      0.1384841913
   40      1.0000011623      1.9205256998      0.0150429030      0.1155332818      0.1443685559
   41      1.0000011921      1.8958810558      0.0159161355      0.1136069528      0.1502399787
   42      1.0000012219      1.8720875393      0.0168168509      0.1117723764      0.1560952076
   43      1.0000012517      1.8490955810      0.0177445979      0.1100253250      0.1619313258
   44      1.0000012815      1.8268592445      0.0186988945      0.1083615600      0.1677457210
   45      1.0000013113      1.8053358895      0.0196792328      0.1067768595      0.1735360591
   46      1.0000013411      1.7844858738      0.0206850834      0.1052669536      0.1793002591
   47      1.0000013709      1.7642722892      0.0217158996      0.1038277089      0.1850364712
   48      1.0000014007      1.7446607263      0.0227711208      0.1024551289      0.1907430557
   49      1.0000014305      1.7256190649      0.0238501761      0.1011452908      0.1964185652
   50      1.0000014603      1.7071172866      0.0249524871      0.0998951128      0.2020617273
   51      1.0000014901      1.6891273071      0.0260774706      0.0987008779      0.2076714290
   52      1.0000015199      1.6716228251      0.0272245412      0.0975582571      0.2132467030
   53      1.0000015497      1.6545791863      0.0283931131      0.0964641142      0.2187867143
   54      1.0000015795      1.6379732602      0.0295826021      0.0954152999      0.2242907485
   55      1.0000016093      1.6217833293      0.0307924273      0.0944087153      0.2297582011
   56      1.0000016391      1.6059889873      0.0320220124      0.0934415657      0.2351885672
   57      1.0000016689      1.5905710474      0.0332707870      0.0925112087      0.2405814328
   58      1.0000016987      1.5755114585      0.0345381876      0.0916151519      0.2459364658
   59      1.0000017285      1.5607932275      0.0358236584      0.0907510484      0.2512534090
   60      1.0000017583      1.5464003497      0.0371266522      0.0899166938      0.2565320725
   61      1.0000017881      1.5323177433      0.0384466311      0.0891100203      0.2617723274
   62      1.0000018179      1.5185311903      0.0397830665      0.0883290923      0.2669741000
   63      1.0000018477      1.5050272812      0.0411354401      0.0875721001      0.2721373660
   64      1.0000018775      1.4917933639      0.0425032436      0.0868373548      0.2772621459
   65      1.0000019074      1.4788174970      0.0438859793      0.0861232821      0.2823484999
   66      1.0000019372      1.4660884060      0.0452831603      0.0854284164      0.2873965244
   67      1.0000019670      1.4535954425      0.0466943102      0.0847513955      0.2924063472
   68      1.0000019968      1.4413285464      0.0481189633      0.0840909543      0.2973781251
   69      1.0000020266      1.4292782110      0.0495566647      0.0834459195      0.3023120397
   70      1.0000020564      1.4174354502      0.0510069700      0.0828152038      0.3072082949
   71      1.0000020862      1.4057917671      0.0524694453      0.0821978013      0.3120671144
   72      1.0000021160      1.3943391265      0.0539436671      0.0815927816      0.3168887387
   73      1.0000021458      1.3830699271      0.0554292220      0.0809992854      0.3216734234
   74      1.0000021756      1.3719769767      0.0569257068      0.0804165199      0.3264214368
   75      1.0000022054      1.3610534687      0.0584327278      0.0798437541      0.3311330584
   76      1.0000022352      1.3502929602      0.0599499012      0.0792803146      0.3358085768
   77      1.0000022650      1.3396893506      0.0614768523      0.0787255817      0.3404482885
   78      1.0000022948      1.3292368629      0.0630132157      0.0781789857      0.3450524965
   79      1.0000023246      1.3189300247      0.0645586349      0.0776400033      0.3496215088
   80      1.0000023544      1.3087636514      0.0661127621      0.0771081539      0.3541556376
   81      1.0000023842      1.2987328299      0.0676752577      0.0765829970      0.3586551981
   82      1.0000024140      1.2888329030      0.0692457905      0.0760641288      0.3631205077
   83      1.0000024438      1.2790594558      0.0708240372      0.0755511797      0.3675518851
   84      1.0000024736      1.2694083012      0.0724096823      0.0750438115      0.3719496495
   85      1.0000025034      1.2598754679      0.0740024175      0.0745417152      0.3763141201
   86      1.0000025332      1.2504571881      0.0756019421      0.0740446086      0.3806456155
   87      1.0000025630      1.2411498862      0.0772079623      0.0735522340      0.3849444532
   88      1.0000025928      1.2319501678      0.0788201911      0.0730643568      0.3892109490
   89      1.0000026226      1.2228548104      0.0804383481      0.0725807631      0.3934454168
   90      1.0000026524      1.2138607531      0.0820621594      0.0721012582      0.3976481681
   91      1.0000026822      1.2049650881      0.0836913572      0.0716256653      0.4018195117
   92      1.0000027120      1.1961650519      0.0853256799      0.0711538235      0.4059597538
   93      1.0000027418      1.1874580177      0.0869648716      0.0706855870      0.4100691970
   94      1.0000027716      1.1788414877      0.0886086821      0.0702208235      0.4141481410
   95      1.0000028014      1.1703130859      0.0902568668      0.0697594130      0.4181968818
   96      1.0000028312      1.1618705514      0.0919091862      0.0693012471      0.4222157118
   97      1.0000028610      1.1535117323      0.0935654061      0.0688462278      0.4262049199
   98      1.0000028908      1.1452345794      0.0952252975      0.0683942662      0.4301647909
   99      1.0000029206      1.1370371407      0.0968886361      0.0679452825      0.4340956059
  100      1.0000029504      1.1289175562      0.0985552023      0.0674992044      0.4379976421
  101      1.0000029802      1.1208740527      0.1002247813      0.0670559669      0.4418711727
  102      1.0000030100      1.1129049389      0.1018971626      0.0666155115      0.4457164671
  103      1.0000030398      1.1050086014      0.1035721402      0.0661777855      0.4495337904
  104      1.0000030696      1.0971835001      0.1052495122      0.0657427414      0.4533234042
  105      1.0000030994      1.0894281640      0.1069290811      0.0653103369      0.4570855659
  106      1.0000031292      1.0817411880      0.1086106532      0.0648805335      0.4608205290
  107      1.0000031591      1.0741212290      0.1102940387      0.0644532971      0.4645285431
  108      1.0000031889      1.0665670024      0.1119790518      0.0640285969      0.4682098542
  109      1.0000032187      1.0590772791      0.1136655105      0.0636064052      0.4718647043
  110      1.0000032485      1.0516508827      0.1153532362      0.0631866972      0.4754933318
  111      1.0000032783      1.0442866861      0.1170420541      0.0627694507      0.4790959714
  112      1.0000033081      1.0369836095      0.1187317927      0.0623546456      0.4826728540
  113      1.0000033379      1.0297406172      0.1204222840      0.0619422640      0.4862242073
  114      1.0000033677      1.0225567159      0.1221133634      0.0615322895      0.4897502552
  115      1.0000033975      1.0154309518      0.1238048696      0.0611247077      0.4932512185
  116      1.0000034273      1.0083624089      0.1254966442      0.0607195051      0.4967273143
  117      1.0000034571      1.0013502069      0.1271885322      0.0603166697      0.5001787567
  118      1.0000034869      0.9943934991      0.1288803817      0.0599161904      0.5036057565
  119      1.0000035167      0.9874914708      0.1305720437      0.0595180573      0.5070085213
  120      1.0000035465      0.9806433377      0.1322633720      0.0591222609      0.5103872558
  121      1.0000035763      0.9738483440      0.1339542235      0.0587287926      0.5137421614
  122      1.0000036061      0.9671057611      0.1356444581      0.0583376444      0.5170734370
  123      1.0000036359      0.9604148862      0.1373339380      0.0579488087      0.5203812782
  124      1.0000036657      0.9537750409      0.1390225285      0.0575622782      0.5236658781
  125      1.0000036955      0.9471855697      0.1407100976      0.0571780461      0.5269274271
  126      1.0000037253      0.9406458393      0.1423965157      0.0567961058      0.5301661128
  127      1.0000037551      0.9341552370      0.1440816561      0.0564164508      0.5333821201
  128      1.0000037849      0.9277131697      0.1457653943      0.0560390749      0.5365756318
  129      1.0000038147      0.9213190633      0.1474476087      0.0556639718      0.5397468277
  130      1.0000038445      0.9149723612      0.1491281798      0.0552911354      0.5428958858
  131      1.0000038743      0.9086725237      0.1508069907      0.0549205596      0.5460229811
  132      1.0000039041      0.9024190270      0.1524839270      0.0545522383      0.5491282869
  133      1.0000039339      0.8962113628      0.1541588765      0.0541861652      0.5522119739
  134      1.0000039637      0.8900490367      0.1558317293      0.0538223341      0.5552742109
  135      1.0000039935      0.8839315684      0.1575023778      0.0534607387      0.5583151643
  136      1.0000040233      0.8778584904      0.1591707167      0.0531013725      0.5613349987
  137      1.0000040531      0.8718293479      0.1608366429      0.0527442290      0.5643338766
  138      1.0000040829      0.8658436974      0.1625000554      0.0523893015      0.5673119584
  139      1.0000041127      0.8599011069      0.1641608554      0.0520365832      0.5702694029
  140      1.0000041425      0.8540011551      0.1658189462      0.0516860671      0.5732063668
  141      1.0000041723      0.8481434307      0.1674742331      0.0513377461      0.5761230050
  142      1.0000042021      0.8423275320      0.1691266237      0.0509916129      0.5790194707
  143      1.0000042319      0.8365530669      0.1707760273      0.0506476600      0.5818959153
  144      1.0000042617      0.8308196517      0.1724223554      0.0503058798      0.5847524886
  145      1.0000042915      0.8251269111      0.1740655212      0.0499662646      0.5875893387
  146      1.0000043213      0.8194744780      0.1757054402      0.0496288065      0.5904066122
  147      1.0000043511      0.8138619928      0.1773420295      0.0492934973      0.5932044538
  148      1.0000043810      0.8082891032      0.1789752082      0.0489603287      0.5959830071
  149      1.0000044108      0.8027554639      0.1806048973      0.0486292925      0.5987424138
  150      1.0000044406      0.7972607361      0.1822310194      0.0483003799      0.6014828145
  151      1.0000044704      0.7918045876      0.1838534990      0.0479735824      0.6042043480
  152      1.0000045002      0.7863866922      0.1854722626      0.0476488910      0.6069071521
  153      1.0000045300      0.7810067294      0.1870872380      0.0473262967      0.6095913628
  154      1.0000045598      0.7756643845      0.1886983551      0.0470057904      0.6122571151
  155      1.0000045896      0.7703593479      0.1903055452      0.0466873628      0.6149045425
  156      1.0000046194      0.7650913154      0.1919087416      0.0463710046      0.6175337773
  157      1.0000046492      0.7598599876      0.1935078787      0.0460567062      0.6201449505
  158      1.0000046790      0.7546650697      0.1951028932      0.0457444580      0.6227381918
  159      1.0000047088      0.7495062718      0.1966937227      0.0454342502      0.6253136298
  160      1.0000047386      0.7443833080      0.1982803070      0.0451260731      0.6278713918
  161      1.0000047684      0.7392958968      0.1998625869      0.0448199167      0.6304116042
  162      1.0000047982      0.7342437607      0.2014405051      0.0445157709      0.6329343918
  163      1.0000048280      0.7292266262      0.2030140056      0.0442136256      0.6354398787
  164      1.0000048578      0.7242442233      0.2045830339      0.0439134707      0.6379281877
  165      1.0000048876      0.7192962858      0.2061475370      0.0436152959      0.6403994405
  166      1.0000049174      0.7143825511      0.2077074634      0.0433190908      0.6428537579
  167      1.0000049472      0.7095027597      0.2092627628      0.0430248450      0.6452912594
  168      1.0000049770      0.7046566557      0.2108133865      0.0427325480      0.6477120638
  169      1.0000050068      0.6998439860      0.2123592870      0.0424421894      0.6501162886
  170      1.0000050366      0.6950645009      0.2139004183      0.0421537586      0.6525040504
  171      1.0000050664      0.6903179533      0.2154367356      0.0418672449      0.6548754649
  172      1.0000050962      0.6856040992      0.2169681953      0.0415826377      0.6572306468
  173      1.0000051260      0.6809226975      0.2184947554      0.0412999262      0.6595697099
  174      1.0000051558      0.6762735093      0.2200163750      0.0410190999      0.6618927668
  175      1.0000051856      0.6716562989      0.2215330143      0.0407401479      0.6641999296
  176      1.0000052154      0.6670708328      0.2230446349      0.0404630595      0.6664913091
  177      1.0000052452      0.6625168801      0.2245511996      0.0401878238      0.6687670156
  178      1.0000052750      0.6579942121      0.2260526722      0.0399144301      0.6710271582
  179      1.0000053048      0.6535026028      0.2275490180      0.0396428676      0.6732718453
  180      1.0000053346      0.6490418281      0.2290402031      0.0393731254      0.6755011844
  181      1.0000053644      0.6446116663      0.2305261950      0.0391051927      0.6777152822
  182      1.0000053942      0.6402118980      0.2320069621      0.0388390586      0.6799142444
  183      1.0000054240      0.6358423058      0.2334824739      0.0385747125      0.6820981762
  184      1.0000054538      0.6315026741      0.2349527012      0.0383121434      0.6842671816
  185      1.0000054836      0.6271927898      0.2364176157      0.0380513405      0.6864213642
  186      1.0000055134      0.6229124414      0.2378771900      0.0377922930      0.6885608265
  187      1.0000055432      0.6186614195      0.2393313980      0.0375349902      0.6906856703
  188      1.0000055730      0.6144395166      0.2407802144      0.0372794212      0.6927959968
  189      1.0000056029      0.6102465269      0.2422236149      0.0370255754      0.6948919062
  190      1.0000056327      0.6060822465      0.2436615764      0.0367734420      0.6969734981
  191      1.0000056625      0.6019464734      0.2450940764      0.0365230103      0.6990408714
  192      1.0000056923      0.5978390072      0.2465210937      0.0362742697      0.7010941240
  193      1.0000057221      0.5937596492      0.2479426076      0.0360272093      0.7031333533
  194      1.0000057519      0.5897082023      0.2493585987      0.0357818188      0.7051586560
  195      1.0000057817      0.5856844714      0.2507690484      0.0355380874      0.7071701280
  196      1.0000058115      0.5816882625      0.2521739387      0.0352960046      0.7091678646
  197      1.0000058413      0.5777193837      0.2535732528      0.0350555599      0.7111519601
  198      1.0000058711      0.5737776443      0.2549669746      0.0348167427      0.7131225085
  199      1.0000059009      0.5698628553      0.2563550888      0.0345795428      0.7150796029
  200      1.0000059307      0.5659748292      0.2577375810      0.0343439495      0.7170233358
  201      1.0000059605      0.5621133800      0.2591144375      0.0341099526      0.7189537990
  202      1.0000059903      0.5582783231      0.2604856455      0.0338775418      0.7208710836
  203      1.0000060201      0.5544694754      0.2618511929      0.0336467067      0.7227752802
  204      1.0000060499      0.5506866552      0.2632110683      0.0334174371      0.7246664785
  205      1.0000060797      0.5469296823      0.2645652611      0.0331897228      0.7265447678
  206      1.0000061095      0.5431983778      0.2659137616      0.0329635536      0.7284102367
  207      1.0000061393      0.5394925641      0.2672565605      0.0327389195      0.7302629729
  208      1.0000061691      0.5358120651      0.2685936494      0.0325158104      0.7321030640
  209      1.0000061989      0.5321567060      0.2699250206      0.0322942163      0.7339305964
  210      1.0000062287      0.5285263132      0.2712506670      0.0320741271      0.7357456564
  211      1.0000062585      0.5249207146      0.2725705822      0.0318555331      0.7375483294
  212      1.0000062883      0.5213397392      0.2738847605      0.0316384243      0.7393387002
  213      1.0000063181      0.5177832174      0.2751931967      0.0314227909      0.7411168530
  214      1.0000063479      0.5142509807      0.2764958863      0.0312086231      0.7428828716
  215      1.0000063777      0.5107428621      0.2777928256      0.0309959113      0.7446368391
  216      1.0000064075      0.5072586955      0.2790840112      0.0307846458      0.7463788378
  217      1.0000064373      0.5037983163      0.2803694404      0.0305748169      0.7481089498
  218      1.0000064671      0.5003615609      0.2816491112      0.0303664152      0.7498272564
  219      1.0000064969      0.4969482670      0.2829230221      0.0301594310      0.7515338383
  220      1.0000065267      0.4935582735      0.2841911721      0.0299538550      0.7532287757
  221      1.0000065565      0.4901914203      0.2854535608      0.0297496778      0.7549121484
  222      1.0000065863      0.4868475487      0.2867101883      0.0295468900      0.7565840353
  223      1.0000066161      0.4835265009      0.2879610553      0.0293454823      0.7582445151
  224      1.0000066459      0.4802281204      0.2892061629      0.0291454454      0.7598936657
  225      1.0000066757      0.4769522518      0.2904455129      0.0289467703      0.7615315646
  226      1.0000067055      0.4736987406      0.2916791074      0.0287494478      0.7631582886
  227      1.0000067353      0.4704674337      0.2929069490      0.0285534687      0.7647739143
  228      1.0000067651      0.4672581789      0.2941290409      0.0283588241      0.7663785173
  229      1.0000067950      0.4640708252      0.2953453866      0.0281655050      0.7679721732
  230      1.0000068248      0.4609052224      0.2965559903      0.0279735025      0.7695549566
  231      1.0000068546      0.4577612218      0.2977608565      0.0277828077      0.7711269418
  232      1.0000068844      0.4546386753      0.2989599900      0.0275934119      0.7726882026
  233      1.0000069142      0.4515374362      0.3001533963      0.0274053062      0.7742388124
  234      1.0000069440      0.4484573586      0.3013410811      0.0272184820      0.7757788437
  235      1.0000069738      0.4453982977      0.3025230506      0.0270329306      0.7773083690
  236      1.0000070036      0.4423601097      0.3036993115      0.0268486434      0.7788274599
  237      1.0000070334      0.4393426519      0.3048698706      0.0266656120      0.7803361878
  238      1.0000070632      0.4363457824      0.3060347355      0.0264838278      0.7818346233
  239      1.0000070930      0.4333693605      0.3071939137      0.0263032824      0.7833228368
  240      1.0000071228      0.4304132463      0.3083474136      0.0261239674      0.7848008980
  241      1.0000071526      0.4274773011      0.3094952435      0.0259458744      0.7862688764
  242      1.0000071824      0.4245613869      0.3106374122      0.0257689954      0.7877268406
  243      1.0000072122      0.4216653668      0.3117739290      0.0255933219      0.7891748592
  244      1.0000072420      0.4187891049      0.3129048033      0.0254188458      0.7906130000
  245      1.0000072718      0.4159324661      0.3140300450      0.0252455591      0.7920413305
  246      1.0000073016      0.4130953164      0.3151496642      0.0250734537      0.7934599175
  247      1.0000073314      0.4102775226      0.3162636714      0.0249025215      0.7948688277
  248      1.0000073612      0.4074789524      0.3173720775      0.0247327547      0.7962681270
  249      1.0000073910      0.4046994746      0.3184748933      0.0245641452      0.7976578811
  250      1.0000074208      0.4019389586      0.3195721305      0.0243966853      0.7990381551
  251      1.0000074506      0.3991972751      0.3206638005      0.0242303672      0.8004090138
  252      1.0000074804      0.3964742953      0.3217499153      0.0240651830      0.8017705213
  253      1.0000075102      0.3937698916      0.3228304872      0.0239011252      0.8031227416
  254      1.0000075400      0.3910839371      0.3239055285      0.0237381860      0.8044657380
  255      1.0000075698      0.3884163058      0.3249750521      0.0235763579      0.8057995734
  256      1.0000075996      0.3857668726      0.3260390708      0.0234156333      0.8071243103
  257      1.0000076294      0.3831355132      0.3270975980      0.0232560047      0.8084400109
  258      1.0000076592      0.3805221043      0.3281506471      0.0230974646      0.8097467368
  259      1.0000076890      0.3779265232      0.3291982318      0.0229400058      0.8110445493
  260      1.0000077188      0.3753486484      0.3302403659      0.0227836207      0.8123335092
  261      1.0000077486      0.3727883589      0.3312770638      0.0226283022      0.8136136768
  262      1.0000077784      0.3702455346      0.3323083396      0.0224740429      0.8148851122
  263      1.0000078082      0.3677200565      0.3333342080      0.0223208356      0.8161478750
  264      1.0000078380      0.3652118059      0.3343546839      0.0221686733      0.8174020243
  265      1.0000078678      0.3627206655      0.3353697820      0.0220175488      0.8186476190
  266      1.0000078976      0.3602465183      0.3363795177      0.0218674550      0.8198847173
  267      1.0000079274      0.3577892485      0.3373839063      0.0217183849      0.8211133772
  268      1.0000079573      0.3553487408      0.3383829633      0.0215703315      0.8223336564
  269      1.0000079871      0.3529248809      0.3393767045      0.0214232880      0.8235456120
  270      1.0000080169      0.3505175550      0.3403651457      0.0212772474      0.8247493008
  271      1.0000080467      0.3481266505      0.3413483030      0.0211322030      0.8259447791
  272      1.0000080765      0.3457520552      0.3423261926      0.0209881479      0.8271321031
  273      1.0000081063      0.3433936578      0.3432988309      0.0208450754      0.8283113283
  274      1.0000081361      0.3410513479      0.3442662345      0.0207029788      0.8294825100
  275      1.0000081659      0.3387250156      0.3452284200      0.0205618515      0.8306457031
  276      1.0000081957      0.3364145519      0.3461854043      0.0204216868      0.8318009620
  277      1.0000082255      0.3341198485      0.3471372043      0.0202824783      0.8329483409
  278      1.0000082553      0.3318407980      0.3480838372      0.0201442194      0.8340878936
  279      1.0000082851      0.3295772934      0.3490253202      0.0200069036      0.8352196734
  280      1.0000083149      0.3273292288      0.3499616705      0.0198705245      0.8363437334
  281      1.0000083447      0.3250964987      0.3508929059      0.0197350757      0.8374601263
  282      1.0000083745      0.3228789987      0.3518190437      0.0196005509      0.8385689042
  283      1.0000084043      0.3206766246      0.3527401019      0.0194669438      0.8396701193
  284      1.0000084341      0.3184892734      0.3536560981      0.0193342481      0.8407638230
  285      1.0000084639      0.3163168426      0.3545670503      0.0192024576      0.8418500667
  286      1.0000084937      0.3141592303      0.3554729767      0.0190715662      0.8429289012
  287      1.0000085235      0.3120163355      0.3563738952      0.0189415678      0.8440003770
  288      1.0000085533      0.3098880578      0.3572698242      0.0188124561      0.8450645444
  289      1.0000085831      0.3077742974      0.3581607819      0.0186842253      0.8461214532
  290      1.0000086129      0.3056749553      0.3590467869      0.0185568693      0.8471711529
  291      1.0000086427      0.3035899331      0.3599278575      0.0184303821      0.8482136928
  292      1.0000086725      0.3015191331      0.3608040124      0.0183047578      0.8492491215
  293      1.0000087023      0.2994624584      0.3616752703      0.0181799905      0.8502774878
  294      1.0000087321      0.2974198125      0.3625416498      0.0180560744      0.8512988396
  295      1.0000087619      0.2953910998      0.3634031698      0.0179330037      0.8523132250
  296      1.0000087917      0.2933762252      0.3642598492      0.0178107726      0.8533206913
  297      1.0000088215      0.2913750942      0.3651117068      0.0176893754      0.8543212858
  298      1.0000088513      0.2893876133      0.3659587618      0.0175688064      0.8553150554
  299      1.0000088811      0.2874136891      0.3668010331      0.0174490600      0.8563020467
  300      1.0000089109      0.2854532293      0.3676385399      0.0173301305      0.8572823058
  301      1.0000089407      0.2835061420      0.3684713013      0.0172120124      0.8582558787
  302      1.0000089705      0.2815723359      0.3692993366      0.0170947002      0.8592228109
  303      1.0000090003      0.2796517205      0.3701226650      0.0169781883      0.8601831479
  304      1.0000090301      0.2777442059      0.3709413059      0.0168624714      0.8611369346
  305      1.0000090599      0.2758497025      0.3717552786      0.0167475439      0.8620842156
  306      1.0000090897      0.2739681217      0.3725646025      0.0166334005      0.8630250354
  307      1.0000091196      0.2720993753      0.3733692971      0.0165200358      0.8639594380
  308      1.0000091494      0.2702433758      0.3741693817      0.0164074446      0.8648874672
  309      1.0000091792      0.2684000363      0.3749648760      0.0162956216      0.8658091664
  310      1.0000092090      0.2665692702      0.3757557993      0.0161845615      0.8667245789
  311      1.0000092388      0.2647509920      0.3765421714      0.0160742591      0.8676337475
  312      1.0000092686      0.2629451163      0.3773240117      0.0159647092      0.8685367149
  313      1.0000092984      0.2611515587      0.3781013399      0.0158559068      0.8694335232
  314      1.0000093282      0.2593702350      0.3788741755      0.0157478468      0.8703242146
  315      1.0000093580      0.2576010619      0.3796425383      0.0156405240      0.8712088308
  316      1.0000093878      0.2558439564      0.3804064479      0.0155339334      0.8720874131
  317      1.0000094176      0.2540988362      0.3811659239      0.0154280701      0.8729600028
  318      1.0000094474      0.2523656196      0.3819209861      0.0153229290      0.8738266407
  319      1.0000094772      0.2506442253      0.3826716540      0.0152185053      0.8746873674
  320      1.0000095070      0.2489345728      0.3834179475      0.0151147941      0.8755422233
  321      1.0000095368      0.2472365819      0.3841598862      0.0150117905      0.8763912484
  322      1.0000095666      0.2455501731      0.3848974898      0.0149094897      0.8772344824
  323      1.0000095964      0.2438752674      0.3856307780      0.0148078869      0.8780719650
  324      1.0000096262      0.2422117863      0.3863597706      0.0147069773      0.8789037352
  325      1.0000096560      0.2405596519      0.3870844872      0.0146067562      0.8797298321
  326      1.0000096858      0.2389187868      0.3878049475      0.0145072189      0.8805502943
  327      1.0000097156      0.2372891140      0.3885211713      0.0144083607      0.8813651603
  328      1.0000097454      0.2356705574      0.3892331782      0.0143101770      0.8821744684
  329      1.0000097752      0.2340630410      0.3899409879      0.0142126633      0.8829782562
  330      1.0000098050      0.2324664896      0.3906446200      0.0141158149      0.8837765617
  331      1.0000098348      0.2308808283      0.3913440943      0.0140196273      0.8845694220
  332      1.0000098646      0.2293059829      0.3920394303      0.0139240960      0.8853568745
  333      1.0000098944      0.2277418795      0.3927306477      0.0138292165      0.8861389559
  334      1.0000099242      0.2261884450      0.3934177661      0.0137349844      0.8869157029
  335      1.0000099540      0.2246456065      0.3941008051      0.0136413952      0.8876871518
  336      1.0000099838      0.2231132918      0.3947797843      0.0135484447      0.8884533389
  337      1.0000100136      0.2215914291      0.3954547231      0.0134561283      0.8892143000
  338      1.0000100434      0.2200799470      0.3961256412      0.0133644418      0.8899700708
  339      1.0000100732      0.2185787749      0.3967925580      0.0132733810      0.8907206866
  340      1.0000101030      0.2170878422      0.3974554931      0.0131829414      0.8914661827
  341      1.0000101328      0.2156070793      0.3981144657      0.0130931189      0.8922065939
  342      1.0000101626      0.2141364168      0.3987694955      0.0130039094      0.8929419549
  343      1.0000101924      0.2126757857      0.3994206018      0.0129153085      0.8936723003
  344      1.0000102222      0.2112251175      0.4000678039      0.0128273122      0.8943976641
  345      1.0000102521      0.2097843445      0.4007111211      0.0127399163      0.8951180804
  346      1.0000102819      0.2083533990      0.4013505729      0.0126531167      0.8958335829
  347      1.0000103117      0.2069322141      0.4019861784      0.0125669094      0.8965442051
  348      1.0000103415      0.2055207231      0.4026179568      0.0124812903      0.8972499804
  349      1.0000103713      0.2041188599      0.4032459274      0.0123962554      0.8979509417
  350      1.0000104011      0.2027265589      0.4038701093      0.0123118008      0.8986471220
  351      1.0000104309      0.2013437548      0.4044905217      0.0122279224      0.8993385538
  352      1.0000104607      0.1999703829      0.4051071836      0.0121446163      0.9000252696
  353      1.0000104905      0.1986063788      0.4057201140      0.0120618787      0.9007073014
  354      1.0000105203      0.1972516787      0.4063293320      0.0119797057      0.9013846813
  355      1.0000105501      0.1959062189      0.4069348566      0.0118980933      0.9020574409
  356      1.0000105799      0.1945699366      0.4075367065      0.0118170379      0.9027256119
  357      1.0000106097      0.1932427692      0.4081349008      0.0117365355      0.9033892254
  358      1.0000106395      0.1919246543      0.4087294582      0.0116565824      0.9040483126
  359      1.0000106693      0.1906155304      0.4093203975      0.0115771749      0.9047029043
  360      1.0000106991      0.1893153361      0.4099077375      0.0114983093      0.9053530313
  361      1.0000107289      0.1880240104      0.4104914968      0.0114199818      0.9059987239
  362      1.0000107587      0.1867414929      0.4110716940      0.0113421887      0.9066400124
  363      1.0000107885      0.1854677235      0.4116483479      0.0112649265      0.9072769269
  364      1.0000108183      0.1842026426      0.4122214768      0.0111881915      0.9079094972
  365      1.0000108481      0.1829461907      0.4127910994      0.0111119802      0.9085377529
  366      1.0000108779      0.1816983092      0.4133572340      0.0110362888      0.9091617235
  367      1.0000109077      0.1804589395      0.4139198991      0.0109611140      0.9097814381
  368      1.0000109375      0.1792280236      0.4144791129      0.0108864521      0.9103969258
  369      1.0000109673      0.1780055039      0.4150348938      0.0108122997      0.9110082155
  370      1.0000109971      0.1767913229      0.4155872599      0.0107386533      0.9116153358
  371      1.0000110269      0.1755854240      0.4161362296      0.0106655095      0.9122183151
  372      1.0000110567      0.1743877505      0.4166818208      0.0105928647      0.9128171816
  373      1.0000110865      0.1731982463      0.4172240517      0.0105207157      0.9134119635
  374      1.0000111163      0.1720168559      0.4177629403      0.0104490590      0.9140026885
  375      1.0000111461      0.1708435237      0.4182985046      0.0103778913      0.9145893844
  376      1.0000111759      0.1696781948      0.4188307623      0.0103072092      0.9151720786
  377      1.0000112057      0.1685208147      0.4193597315      0.0102370095      0.9157507984
  378      1.0000112355      0.1673713292      0.4198854298      0.0101672888      0.9163255710
  379      1.0000112653      0.1662296843      0.4204078750      0.0100980439      0.9168964233
  380      1.0000112951      0.1650958266      0.4209270848      0.0100292714      0.9174633819
  381      1.0000113249      0.1639697029      0.4214430768      0.0099609683      0.9180264735
  382      1.0000113547      0.1628512607      0.4219558685      0.0098931313      0.9185857245
  383      1.0000113846      0.1617404473      0.4224654774      0.0098257572      0.9191411610
  384      1.0000114144      0.1606372108      0.4229719209      0.0097588429      0.9196928090
  385      1.0000114442      0.1595414995      0.4234752165      0.0096923852      0.9202406944
  386      1.0000114740      0.1584532622      0.4239753814      0.0096263810      0.9207848429
  387      1.0000115038      0.1573724477      0.4244724329      0.0095608273      0.9213252800
  388      1.0000115336      0.1562990055      0.4249663881      0.0094957209      0.9218620309
  389      1.0000115634      0.1552328852      0.4254572642      0.0094310587      0.9223951208
  390      1.0000115932      0.1541740370      0.4259450782      0.0093668379      0.9229245747
  391      1.0000116230      0.1531224113      0.4264298472      0.0093030553      0.9234504174
  392      1.0000116528      0.1520779587      0.4269115881      0.0092397079      0.9239726735
  393      1.0000116826      0.1510406303      0.4273903177      0.0091767929      0.9244913674
  394      1.0000117124      0.1500103776      0.4278660528      0.0091143072      0.9250065236
  395      1.0000117422      0.1489871523      0.4283388103      0.0090522479      0.9255181660
  396      1.0000117720      0.1479709065      0.4288086067      0.0089906122      0.9260263188
  397      1.0000118018      0.1469615925      0.4292754588      0.0089293971      0.9265310056
  398      1.0000118316      0.1459591630      0.4297393829      0.0088685997      0.9270322501
  399      1.0000118614      0.1449635712      0.4302003958      0.0088082172      0.9275300758
  400      1.0000118912      0.1439747703      0.4306585136      0.0087482468      0.9280245061
  401      1.0000119210      0.1429927140      0.4311137529      0.0086886857      0.9285155640
  402      1.0000119508      0.1420173564      0.4315661298      0.0086295310      0.9290032726
  403      1.0000119806      0.1410486517      0.4320156607      0.0085707800      0.9294876548
  404      1.0000120104      0.1400865546      0.4324623616      0.0085124300      0.9299687331
  405      1.0000120402      0.1391310200      0.4329062488      0.0084544782      0.9304465302
  406      1.0000120700      0.1381820031      0.4333473381      0.0083969219      0.9309210685
  407      1.0000120998      0.1372394595      0.4337856456      0.0083397583      0.9313923701
  408      1.0000121296      0.1363033450      0.4342211871      0.0082829849      0.9318604571
  409      1.0000121594      0.1353736158      0.4346539785      0.0082265990      0.9323253515
  410      1.0000121892      0.1344502283      0.4350840356      0.0081705978      0.9327870751
  411      1.0000122190      0.1335331393      0.4355113740      0.0081149789      0.9332456494
  412      1.0000122488      0.1326223057      0.4359360093      0.0080597395      0.9337010960
  413      1.0000122786      0.1317176849      0.4363579572      0.0080048772      0.9341534362
  414      1.0000123084      0.1308192346      0.4367772331      0.0079503892      0.9346026911
  415      1.0000123382      0.1299269127      0.4371938524      0.0078962731      0.9350488819
  416      1.0000123680      0.1290406773      0.4376078305      0.0078425264      0.9354920294
  417      1.0000123978      0.1281604870      0.4380191827      0.0077891464      0.9359321544
  418      1.0000124276      0.1272863004      0.4384279243      0.0077361308      0.9363692774
  419      1.0000124574      0.1264180767      0.4388340703      0.0076834770      0.9368034191
  420      1.0000124873      0.1255557752      0.4392376358      0.0076311825      0.9372345996
  421      1.0000125171      0.1246993555      0.4396386360      0.0075792450      0.9376628393
  422      1.0000125469      0.1238487774      0.4400370857      0.0075276619      0.9380881581
  423      1.0000125767      0.1230040012      0.4404329998      0.0074764309      0.9385105761
  424      1.0000126065      0.1221649872      0.4408263932      0.0074255495      0.9389301129
  425      1.0000126363      0.1213316962      0.4412172805      0.0073750154      0.9393467882
  426      1.0000126661      0.1205040890      0.4416056766      0.0073248262      0.9397606216
  427      1.0000126959      0.1196821270      0.4419915959      0.0072749795      0.9401716324
  428      1.0000127257      0.1188657716      0.4423750531      0.0072254731      0.9405798399
  429      1.0000127555      0.1180549846      0.4427560627      0.0071763045      0.9409852632
  430      1.0000127853      0.1172497280      0.4431346390      0.0071274715      0.9413879213
  431      1.0000128151      0.1164499640      0.4435107964      0.0070789719      0.9417878331
  432      1.0000128449      0.1156556553      0.4438845491      0.0070308032      0.9421850172
  433      1.0000128747      0.1148667646      0.4442559115      0.0069829633      0.9425794924
  434      1.0000129045      0.1140832550      0.4446248976      0.0069354499      0.9429712770
  435      1.0000129343      0.1133050897      0.4449915216      0.0068882608      0.9433603895
  436      1.0000129641      0.1125322322      0.4453557973      0.0068413938      0.9437468480
  437      1.0000129939      0.1117646465      0.4457177389      0.0067948467      0.9441306707
  438      1.0000130237      0.1110022965      0.4460773601      0.0067486173      0.9445118755
  439      1.0000130535      0.1102451465      0.4464346747      0.0067027034      0.9448904803
  440      1.0000130833      0.1094931610      0.4467896966      0.0066571029      0.9452665028
  441      1.0000131131      0.1087463048      0.4471424394      0.0066118136      0.9456399607
  442      1.0000131429      0.1080045430      0.4474929167      0.0065668335      0.9460108714
  443      1.0000131727      0.1072678408      0.4478411420      0.0065221604      0.9463792523
  444      1.0000132025      0.1065361636      0.4481871288      0.0064777922      0.9467451207
  445      1.0000132323      0.1058094772      0.4485308906      0.0064337268      0.9471084937
  446      1.0000132621      0.1050877476      0.4488724407      0.0063899623      0.9474693883
  447      1.0000132919      0.1043709409      0.4492117923      0.0063464964      0.9478278215
  448      1.0000133217      0.1036590236      0.4495489587      0.0063033272      0.9481838099
  449      1.0000133515      0.1029519623      0.4498839530      0.0062604527      0.9485373704
  450      1.0000133813      0.1022497238      0.4502167884      0.0062178708      0.9488885194
  451      1.0000134111      0.1015522754      0.4505474777      0.0061755796      0.9492372734
  452      1.0000134409      0.1008595842      0.4508760341      0.0061335771      0.9495836488
  453      1.0000134707      0.1001716180      0.4512024702      0.0060918613      0.9499276617
  454      1.0000135005      0.0994883444      0.4515267991      0.0060504302      0.9502693284
  455      1.0000135303      0.0988097314      0.4518490334      0.0060092819      0.9506086647
  456      1.0000135601      0.0981357472      0.4521691858      0.0059684145      0.9509456865
  457      1.0000135900      0.0974663603      0.4524872690      0.0059278261      0.9512804098
  458      1.0000136198      0.0968015394      0.4528032954      0.0058875147      0.9516128501
  459      1.0000136496      0.0961412531      0.4531172777      0.0058474785      0.9519430230
  460      1.0000136794      0.0954854708      0.4534292282      0.0058077156      0.9522709440
  461      1.0000137092      0.0948341615      0.4537391593      0.0057682241      0.9525966284
  462      1.0000137390      0.0941872948      0.4540470833      0.0057290022      0.9529200916
  463      1.0000137688      0.0935448404      0.4543530125      0.0056900480      0.9532413485
  464      1.0000137986      0.0929067683      0.4546569590      0.0056513597      0.9535604144
  465      1.0000138284      0.0922730484      0.4549589349      0.0056129355      0.9538773042
  466      1.0000138582      0.0916436512      0.4552589523      0.0055747737      0.9541920326
  467      1.0000138880      0.0910185471      0.4555570231      0.0055368723      0.9545046145
  468      1.0000139178      0.0903977068      0.4558531594      0.0054992296      0.9548150644
  469      1.0000139476      0.0897811013      0.4561473729      0.0054618440      0.9551233969
  470      1.0000139774      0.0891687017      0.4564396754      0.0054247135      0.9554296265
  471      1.0000140072      0.0885604793      0.4567300787      0.0053878365      0.9557337675
  472      1.0000140370      0.0879564056      0.4570185945      0.0053512113      0.9560358342
  473      1.0000140668      0.0873564523      0.4573052343      0.0053148360      0.9563358406
  474      1.0000140966      0.0867605914      0.4575900097      0.0052787091      0.9566338009
  475      1.0000141264      0.0861687947      0.4578729322      0.0052428289      0.9569297290
  476      1.0000141562      0.0855810348      0.4581540132      0.0052071935      0.9572236388
  477      1.0000141860      0.0849972840      0.4584332641      0.0051718015      0.9575155440
  478      1.0000142158      0.0844175150      0.4587106962      0.0051366510      0.9578054583
  479      1.0000142456      0.0838417005      0.4589863207      0.0051017405      0.9580933953
  480      1.0000142754      0.0832698138      0.4592601488      0.0050670684      0.9583793685
