# time     av_coherence           domains   magnetization^2        coh_avrho   purity_avrho  prob_equireached  arrival_counts  log10_nonzeros
    1     14.4694454790      4.4175000000     21.6924110731      7.9639883041      0.0002790803      0.0004583334          11    6.7713925558
    2     23.9824465298      3.3224166667     33.9406249674      7.6439790726      0.0009829362      0.0079166666         179    7.2719249506
    3     29.5538004422      2.8109166667     43.5159968363      6.5180730820      0.0019660145      0.0244583338         397    7.4926731024
    4     33.0089664777      2.4925833333     51.6203971821      5.5749554634      0.0033132092      0.0468750000         538    7.5763056836
    5     35.0820073012      2.2762500000     58.5351684544      4.8937187195      0.0050765309      0.0705833286         569    7.5491932427
    6     36.1258508762      2.1165000000     64.5907600454      4.3528804779      0.0072552431      0.0943750069         571    7.3392612244
    7     37.0702565325      1.9901666667     70.5317448602      4.0246624947      0.0100338291      0.1192499995         597    7.0344624466
    8     36.6269577409      1.8849166667     76.1495984240      3.6765594482      0.0132688116      0.1434583366         581    6.8229256023
    9     36.7810907447      1.7962500000     81.4156962185      3.4090652466      0.0170960613      0.1680833399         591    6.8229864500
   10     36.3775773603      1.7151666667     86.3929625265      3.1227660179      0.0213653482      0.1918333322         570    6.8230446130
   11     35.6463208692      1.6428333333     91.3082227180      2.8426523209      0.0261453912      0.2155416608         569    6.8230733325
   12     35.5495713448      1.5834166667     95.7156175946      2.6204972267      0.0309042633      0.2367916703         510    6.8230072747
   13     35.2717033600      1.5297500000     99.8194191628      2.3803567886      0.0358025953      0.2568749785         482    6.8230650432
   14     34.8978388810      1.4778333333    103.8789994365      2.1523818970      0.0411001779      0.2769166827         481    6.8230046635
   15     34.8797963791      1.4329166667    107.6508425730      1.9680392742      0.0463531539      0.2954999804         446    6.8229107155
   16     34.8584741247      1.3875000000    111.7705645859      1.8104982376      0.0524227470      0.3155833483         482    6.8228132859
   17     34.9530220895      1.3462500000    115.5043633264      1.6917874813      0.0583468080      0.3340416551         443    6.8225300150
   18     35.3401435176      1.3095000000    119.0081087161      1.5977241993      0.0640388280      0.3508749604         404    6.8226450181
   19     35.3662323083      1.2722500000    122.6021901042      1.4904482365      0.0702714324      0.3684166670         421    6.8222812820
   20     35.2848246556      1.2365000000    126.1053064706      1.3871593475      0.0765507072      0.3852916360         405    6.8213247035
   21     35.2905436121      1.2022500000    129.5161949014      1.3019626141      0.0829161406      0.4016666710         393    6.8206972970
   22     35.2994374915      1.1700833333    132.7009014502      1.1808393002      0.0890380517      0.4167916775         363    6.8182000200
   23     35.3235402462      1.1400833333    135.7751886058      1.1254692078      0.0951309875      0.4313749969         350    6.8172484900
   24     35.4197638535      1.1125833333    138.5669448977      1.0587201118      0.1009148806      0.4447082877         320    6.8155841232
   25     35.5241849370      1.0855833333    141.2970501323      1.0095605850      0.1068414152      0.4579583108         318    6.8143108702
   26     35.2885618260      1.0547500000    144.4480373315      0.9786412716      0.1138881296      0.4732083678         366    6.8115580493
   27     35.1993302860      1.0275833333    147.3235274256      0.9447152615      0.1203329340      0.4867082834         324    6.8022000094
   28     35.1305952390      1.0039166667    149.7875290151      0.9431705475      0.1260754764      0.4984999895         283    6.8031542331
   29     35.0782241772      0.9808333333    152.1859965488      0.8951263428      0.1317815781      0.5099166036         274    6.7929731146
   30     34.7457052069      0.9551666667    154.8600538420      0.8638453484      0.1382733881      0.5226249695         305    6.7371948699
   31     34.4692345415      0.9305833333    157.4117653184      0.8250389099      0.1446754932      0.5348333120         293    6.7107056768
   32     34.1550104444      0.9055000000    160.0264874734      0.7859406471      0.1513911784      0.5472916365         299    6.4552711736
   33     33.8481032922      0.8816666667    162.5302893915      0.7787191868      0.1579758376      0.5592083335         286    6.5569532135
   34     33.5274630417      0.8612500000    164.6150541595      0.7642550468      0.1636924446      0.5693750381         244    4.4612433376
   35     33.2258322126      0.8400000000    166.8432631643      0.7500619888      0.1697751880      0.5799999833         255    4.4612433376
   36     32.8975607245      0.8195833333    169.0560026961      0.7394721508      0.1757405102      0.5902082920         245    4.4612433376
   37     32.5479543275      0.7975833333    171.3774653306      0.7304048538      0.1822535992      0.6012083292         264    4.4612433376
   38     32.1575058883      0.7783333333    173.4685273033      0.7216579914      0.1880716085      0.6108334064         231    4.4612433376
   39     31.7192421058      0.7586666667    175.5462701936      0.7118473053      0.1940843612      0.6206667423         236    4.4612433376
   40     31.2820808304      0.7395000000    177.5649835462      0.7076745033      0.2000565082      0.6302500963         230    4.4612433376
   41     31.0122088037      0.7223333333    179.3857420723      0.7041988373      0.2054660916      0.6388333440         206    4.4612433376
   42     30.5318594214      0.7052500000    181.1919330569      0.6989455223      0.2109364569      0.6473751068         205    4.4612433376
   43     30.1463122236      0.6886666667    182.9069202508      0.6890206337      0.2163010836      0.6556667089         199    4.4612433376
   44     29.6368682891      0.6712500000    184.7962255470      0.6783194542      0.2219844162      0.6643750668         209    4.4612433376
   45     29.0860889371      0.6517500000    186.8977084512      0.6717872620      0.2284992635      0.6741250753         234    4.4612433376
   46     28.6837994689      0.6359166667    188.6023259429      0.6597442627      0.2338432372      0.6820417643         190    4.4612433376
   47     28.3124299141      0.6205833333    190.2226583144      0.6537327766      0.2390544116      0.6897084117         184    4.4612433376
   48     27.7717992657      0.6045000000    191.9207351929      0.6455330849      0.2446188480      0.6977500916         193    4.4612433376
   49     27.1968540250      0.5875833333    193.7090414530      0.6310722828      0.2505697310      0.7062084675         203    4.4612433376
   50     26.7596287403      0.5730000000    195.2811382208      0.6309418678      0.2557332218      0.7135000229         175    4.4612433376
   51     26.3510938140      0.5582500000    196.8009262079      0.6203608513      0.2610084414      0.7208750248         177    4.4612433376
   52     25.8273493207      0.5439166667    198.3220016835      0.6128525734      0.2661857605      0.7280417085         172    4.4612433376
   53     25.3972495644      0.5303333333    199.7494031749      0.6057276726      0.2711229920      0.7348333597         163    4.4612433376
   54     25.0702164410      0.5197500000    200.8792433383      0.5988523960      0.2750185430      0.7401250601         127    4.4612433376
   55     24.7668621799      0.5095000000    201.9499841761      0.5947520733      0.2788190544      0.7452501059         123    4.4612433376
   56     24.3258642038      0.4965000000    203.3323026318      0.5857384205      0.2836732864      0.7517499924         156    4.4612433376
   57     23.8589734137      0.4843333333    204.6108613770      0.5829055309      0.2882317305      0.7578333616         146    4.4612433376
   58     23.4676110287      0.4727500000    205.8436292521      0.5675451756      0.2926096916      0.7636251450         139    4.4612433376
   59     22.9922873379      0.4611666667    207.0792659252      0.5636482239      0.2970293760      0.7694167495         139    4.4612433376
   60     22.6056608593      0.4496666667    208.2509745559      0.5559272766      0.3014516234      0.7751668692         138    4.4612433376
