# time   trace   domains   purity   coherence  equireached
    1      1.0000000000      6.5454545455      0.0010822511      0.0000000000      0.0000000000
    2      1.0000000298      6.0000001788      0.0004673357      0.5454545915      0.0000000000
    3      1.0000000596      5.5454548760      0.0004111962      0.6703431403      0.0000000000
    4      1.0000000894      5.1624583740      0.0004353861      0.6820987118      0.0000000000
    5      1.0000001192      4.8364027932      0.0004948553      0.6556936569      0.0000000000
    6      1.0000001490      4.5561247086      0.0005793865      0.5862837294      0.0000000000
    7      1.0000001788      4.3129994691      0.0006853590      0.5131600519      0.0000676407
    8      1.0000002086      4.1002995914      0.0008108661      0.4486914590      0.0003181446
    9      1.0000002384      3.9127317640      0.0009544525      0.3940183695      0.0008646735
   10      1.0000002682      3.7460975797      0.0011147591      0.3513048094      0.0017886905
   11      1.0000002980      3.5970416944      0.0012905180      0.3189366542      0.0031349581
   12      1.0000003278      3.4628628203      0.0014806803      0.2951058586      0.0049184236
   13      1.0000003576      3.3413705526      0.0016845387      0.2766594131      0.0071332757
   14      1.0000003874      3.2307760622      0.0019017921      0.2624561618      0.0097605704
   15      1.0000004172      3.1296080896      0.0021325491      0.2519394907      0.0127738526
   16      1.0000004470      3.0366480140      0.0023772881      0.2429838727      0.0161430173
   17      1.0000004768      2.9508794095      0.0026367931      0.2354019064      0.0198368035
   18      1.0000005066      2.8714486669      0.0029120816      0.2286587588      0.0238243212
   19      1.0000005364      2.7976341091      0.0032043328      0.2227333630      0.0280759397
   20      1.0000005662      2.7288216483      0.0035148224      0.2171228974      0.0325637684
   21      1.0000005960      2.6644855004      0.0038448666      0.2118027541      0.0372618778
   22      1.0000006258      2.6041728235      0.0041957759      0.2067738343      0.0421463627
   23      1.0000006557      2.5474914096      0.0045688180      0.2019594758      0.0471953081
   24      1.0000006855      2.4940997652      0.0049651898      0.1972600594      0.0523887037
   25      1.0000007153      2.4436990669      0.0053859967      0.1926489696      0.0577083283
   26      1.0000007451      2.3960265970      0.0058322384      0.1881274532      0.0631376237
   27      1.0000007749      2.3508503550      0.0063048001      0.1837237617      0.0686615642
   28      1.0000008047      2.3079646065      0.0068044482      0.1794516911      0.0742665294
   29      1.0000008345      2.2671861865      0.0073318287      0.1753074424      0.0799401822
   30      1.0000008643      2.2283514109      0.0078874697      0.1712957457      0.0856713548
   31      1.0000008941      2.1913134844      0.0084717842      0.1674133694      0.0914499421
   32      1.0000009239      2.1559403128      0.0090850757      0.1636655149      0.0972668046
   33      1.0000009537      2.1221126486      0.0097275440      0.1600560060      0.1031136788
   34      1.0000009835      2.0897225134      0.0103992923      0.1565868737      0.1089830960
   35      1.0000010133      2.0586718480      0.0111003342      0.1532583173      0.1148683080
   36      1.0000010431      2.0288713556      0.0118306011      0.1500692200      0.1207632208
   37      1.0000010729      2.0002395049      0.0125899495      0.1470173912      0.1266623337
   38      1.0000011027      1.9727016689      0.0133781682      0.1441006379      0.1325606849
   39      1.0000011325      1.9461893790      0.0141949855      0.1413159428      0.1384538018
   40      1.0000011623      1.9206396752      0.0150400756      0.1386576648      0.1443376565
   41      1.0000011921      1.8959945410      0.0159130654      0.1361211502      0.1502086257
   42      1.0000012219      1.8722004077      0.0168135399      0.1337019054      0.1560634538
   43      1.0000012517      1.8492077203      0.0177410485      0.1313947353      0.1618992206
   44      1.0000012815      1.8269705560      0.0186951096      0.1291946014      0.1677133108
   45      1.0000013113      1.8054462867      0.0196752158      0.1270962333      0.1735033870
   46      1.0000013411      1.7845952815      0.0206808381      0.1250946426      0.1792673655
   47      1.0000013709      1.7643806422      0.0217114301      0.1231849054      0.1850033935
   48      1.0000014007      1.7447679687      0.0227664315      0.1213632663      0.1907098289
   49      1.0000014305      1.7257251492      0.0238452717      0.1196245484      0.1963852219
   50      1.0000014603      1.7072221730      0.0249473725      0.1179631691      0.2020282976
   51      1.0000014901      1.6892309627      0.0260721510      0.1163747833      0.2076379410
   52      1.0000015199      1.6717252232      0.0272190216      0.1148551563      0.2132131826
   53      1.0000015497      1.6546803059      0.0283873989      0.1134003884      0.2187531855
   54      1.0000015795      1.6380730854      0.0295766987      0.1120065325      0.2242572336
   55      1.0000016093      1.6218818489      0.0307863401      0.1106697739      0.2297247205
   56      1.0000016391      1.6060861941      0.0320157468      0.1093866074      0.2351551398
   57      1.0000016689      1.5906669383      0.0332643485      0.1081537050      0.2405480759
   58      1.0000016987      1.5756060333      0.0345315816      0.1069679136      0.2459031955
   59      1.0000017285      1.5608864894      0.0358168903      0.1058262517      0.2512202398
   60      1.0000017583      1.5464923044      0.0371197274      0.1047259056      0.2564990178
   61      1.0000017881      1.5324083991      0.0384395548      0.1036642241      0.2617393994
   62      1.0000018179      1.5186205575      0.0397758440      0.1026387134      0.2669413098
   63      1.0000018477      1.5051153720      0.0411280764      0.1016470319      0.2721047237
   64      1.0000018775      1.4918801923      0.0424957437      0.1006869809      0.2772296604
   65      1.0000019074      1.4789030784      0.0438783482      0.0997565009      0.2823161795
   66      1.0000019372      1.4661727570      0.0452754028      0.0988536650      0.2873643763
   67      1.0000019670      1.4536785809      0.0466864308      0.0979766718      0.2923743781
   68      1.0000019968      1.4414104910      0.0481109667      0.0971238391      0.2973463407
   69      1.0000020266      1.4293589814      0.0495485552      0.0962935972      0.3022804450
   70      1.0000020564      1.4175150665      0.0509987519      0.0954844830      0.3071768945
   71      1.0000020862      1.4058702502      0.0524611228      0.0946951338      0.3120359121
   72      1.0000021160      1.3944164975      0.0539352442      0.0939242811      0.3168577379
   73      1.0000021458      1.3831462075      0.0554207027      0.0931707454      0.3216426268
   74      1.0000021756      1.3720521883      0.0569170947      0.0924334305      0.3263908468
   75      1.0000022054      1.3611276336      0.0584240266      0.0917113182      0.3311026768
   76      1.0000022352      1.3503661002      0.0599411144      0.0910034635      0.3357784052
   77      1.0000022650      1.3397614879      0.0614679833      0.0903089898      0.3404183279
   78      1.0000022948      1.3293080194      0.0630042678      0.0896270844      0.3450227477
   79      1.0000023246      1.3190002224      0.0645496112      0.0889569941      0.3495919722
   80      1.0000023544      1.3088329119      0.0661036656      0.0882980214      0.3541263135
   81      1.0000023842      1.2988011748      0.0676660913      0.0876495207      0.3586260863
   82      1.0000024140      1.2889003537      0.0692365571      0.0870108944      0.3630916079
   83      1.0000024438      1.2791260332      0.0708147394      0.0863815900      0.3675231966
   84      1.0000024736      1.2694740261      0.0724003226      0.0857610964      0.3719211716
   85      1.0000025034      1.2599403608      0.0739929986      0.0851489416      0.3762858520
   86      1.0000025332      1.2505212690      0.0755924663      0.0845446892      0.3806175560
   87      1.0000025630      1.2412131747      0.0771984318      0.0839479363      0.3849166010
   88      1.0000025928      1.2320126834      0.0788106082      0.0833583108      0.3891833028
   89      1.0000026226      1.2229165720      0.0804287149      0.0827754695      0.3934179751
   90      1.0000026524      1.2139217791      0.0820524779      0.0821990955      0.3976209294
   91      1.0000026822      1.2050253966      0.0836816295      0.0816288964      0.4017924743
   92      1.0000027120      1.1962246606      0.0853159078      0.0810646027      0.4059329158
   93      1.0000027418      1.1875169439      0.0869550569      0.0805059656      0.4100425567
   94      1.0000027716      1.1788997482      0.0885988265      0.0799527560      0.4141216965
   95      1.0000028014      1.1703706970      0.0902469720      0.0794047625      0.4181706312
   96      1.0000028312      1.1619275291      0.0918992538      0.0788617902      0.4221896531
   97      1.0000028610      1.1535680920      0.0935554378      0.0783236596      0.4261790511
   98      1.0000028908      1.1452903362      0.0952152947      0.0777902052      0.4301391100
   99      1.0000029206      1.1370923093      0.0968786003      0.0772612742      0.4340701109
  100      1.0000029504      1.1289721508      0.0985451349      0.0767367261      0.4379723309
  101      1.0000029802      1.1209280871      0.1002146835      0.0762164312      0.4418460432
  102      1.0000030100      1.1129584266      0.1018870359      0.0757002698      0.4456915173
  103      1.0000030398      1.1050615553      0.1035619857      0.0751881317      0.4495090183
  104      1.0000030696      1.0972359327      0.1052393313      0.0746799151      0.4532988076
  105      1.0000030994      1.0894800877      0.1069188748      0.0741755260      0.4570611428
  106      1.0000031292      1.0817926145      0.1086004227      0.0736748777      0.4607962774
  107      1.0000031591      1.0741721697      0.1102837851      0.0731778901      0.4645044610
  108      1.0000031889      1.0666174684      0.1119687763      0.0726844892      0.4681859396
  109      1.0000032187      1.0591272812      0.1136552140      0.0721946063      0.4718409552
  110      1.0000032485      1.0517004311      0.1153429198      0.0717081780      0.4754697462
  111      1.0000032783      1.0443357910      0.1170317187      0.0712251456      0.4790725473
  112      1.0000033081      1.0370322805      0.1187214393      0.0707454545      0.4826495896
  113      1.0000033379      1.0297888637      0.1204119136      0.0702690540      0.4862011007
  114      1.0000033677      1.0226045469      0.1221029769      0.0697958971      0.4897273046
  115      1.0000033975      1.0154783761      0.1237944678      0.0693259400      0.4932284220
  116      1.0000034273      1.0084094350      0.1254862281      0.0688591416      0.4967046701
  117      1.0000034571      1.0013968429      0.1271781026      0.0683954638      0.5001562631
  118      1.0000034869      0.9944397528      0.1288699394      0.0679348708      0.5035834117
  119      1.0000035167      0.9875373499      0.1305615894      0.0674773292      0.5069863236
  120      1.0000035465      0.9806888495      0.1322529067      0.0670228075      0.5103652035
  121      1.0000035763      0.9738934957      0.1339437479      0.0665712760      0.5137202529
  122      1.0000036061      0.9671505595      0.1356339729      0.0661227067      0.5170516706
  123      1.0000036359      0.9604593380      0.1373234440      0.0656770731      0.5203596525
  124      1.0000036657      0.9538191523      0.1390120265      0.0652343503      0.5236443915
  125      1.0000036955      0.9472293471      0.1406995883      0.0647945144      0.5269060780
  126      1.0000037253      0.9406892885      0.1423859998      0.0643575426      0.5301448997
  127      1.0000037551      0.9341983637      0.1440711342      0.0639234132      0.5333610416
  128      1.0000037849      0.9277559796      0.1457548672      0.0634921055      0.5365546864
  129      1.0000038147      0.9213615617      0.1474370770      0.0630635995      0.5397260142
  130      1.0000038445      0.9150145533      0.1491176442      0.0626378760      0.5428752026
  131      1.0000038743      0.9087144145      0.1507964519      0.0622149164      0.5460024270
  132      1.0000039041      0.9024606213      0.1524733855      0.0617947026      0.5491078605
  133      1.0000039339      0.8962526652      0.1541483330      0.0613772174      0.5521916740
  134      1.0000039637      0.8900900518      0.1558211844      0.0609624437      0.5552540362
  135      1.0000039935      0.8839723005      0.1574918322      0.0605503650      0.5582951136
  136      1.0000040233      0.8778989438      0.1591601710      0.0601409651      0.5613150707
  137      1.0000040531      0.8718695266      0.1608260976      0.0597342282      0.5643140702
  138      1.0000040829      0.8658836053      0.1624895112      0.0593301388      0.5672922725
  139      1.0000041127      0.8599407479      0.1641503128      0.0589286816      0.5702498363
  140      1.0000041425      0.8540405328      0.1658084058      0.0585298417      0.5731869184
  141      1.0000041723      0.8481825486      0.1674636956      0.0581336040      0.5761036737
  142      1.0000042021      0.8423663937      0.1691160895      0.0577399541      0.5790002555
  143      1.0000042319      0.8365916756      0.1707654970      0.0573488775      0.5818768152
  144      1.0000042617      0.8308580106      0.1724118294      0.0569603597      0.5847335025
  145      1.0000042915      0.8251650234      0.1740550003      0.0565743866      0.5875704657
  146      1.0000043213      0.8195123466      0.1756949248      0.0561909440      0.5903878511
  147      1.0000043511      0.8138996208      0.1773315201      0.0558100180      0.5931858039
  148      1.0000043810      0.8083264933      0.1789647053      0.0554315946      0.5959644673
  149      1.0000044108      0.8027926189      0.1805944014      0.0550556599      0.5987239833
  150      1.0000044406      0.7972976587      0.1822205311      0.0546822001      0.6014644923
  151      1.0000044704      0.7918412803      0.1838430188      0.0543112014      0.6041861334
  152      1.0000045002      0.7864231576      0.1854617909      0.0539426502      0.6068890441
  153      1.0000045300      0.7810429699      0.1870767754      0.0535765327      0.6095733606
  154      1.0000045598      0.7757004024      0.1886879019      0.0532128352      0.6122392178
  155      1.0000045896      0.7703951456      0.1902951021      0.0528515443      0.6148867493
  156      1.0000046194      0.7651268950      0.1918983088      0.0524926463      0.6175160875
  157      1.0000046492      0.7598953514      0.1934974569      0.0521361276      0.6201273632
  158      1.0000046790      0.7547002198      0.1950924827      0.0517819747      0.6227207062
  159      1.0000047088      0.7495412102      0.1966833241      0.0514301741      0.6252962452
  160      1.0000047386      0.7444180367      0.1982699205      0.0510807123      0.6278541076
  161      1.0000047684      0.7393304178      0.1998522132      0.0507335757      0.6303944194
  162      1.0000047982      0.7342780759      0.2014301444      0.0503887510      0.6329173059
  163      1.0000048280      0.7292607374      0.2030036585      0.0500462247      0.6354228909
  164      1.0000048578      0.7242781323      0.2045727007      0.0497059833      0.6379112973
  165      1.0000048876      0.7193299944      0.2061372182      0.0493680134      0.6403826469
  166      1.0000049174      0.7144160610      0.2076971594      0.0490323016      0.6428370603
  167      1.0000049472      0.7095360726      0.2092524740      0.0486988347      0.6452746573
  168      1.0000049770      0.7046897732      0.2108031132      0.0483675991      0.6476955564
  169      1.0000050068      0.6998769097      0.2123490297      0.0480385815      0.6500998753
  170      1.0000050366      0.6950972323      0.2138901773      0.0477117688      0.6524877306
  171      1.0000050664      0.6903504941      0.2154265112      0.0473871474      0.6548592380
  172      1.0000050962      0.6856364508      0.2169579880      0.0470647043      0.6572145121
  173      1.0000051260      0.6809548613      0.2184845656      0.0467444261      0.6595536667
  174      1.0000051558      0.6763054869      0.2200062029      0.0464262997      0.6618768147
  175      1.0000051856      0.6716880916      0.2215228604      0.0461103118      0.6641840679
  176      1.0000052154      0.6671024420      0.2230344995      0.0457964493      0.6664755374
  177      1.0000052452      0.6625483070      0.2245410830      0.0454846991      0.6687513332
  178      1.0000052750      0.6580254582      0.2260425748      0.0451750480      0.6710115645
  179      1.0000053048      0.6535336693      0.2275389401      0.0448674832      0.6732563398
  180      1.0000053346      0.6490727164      0.2290301450      0.0445619914      0.6754857665
  181      1.0000053644      0.6446423776      0.2305161570      0.0442585598      0.6776999513
  182      1.0000053942      0.6402424335      0.2319969446      0.0439571754      0.6798990001
  183      1.0000054240      0.6358726667      0.2334724772      0.0436578253      0.6820830178
  184      1.0000054538      0.6315328616      0.2349427255      0.0433604967      0.6842521087
  185      1.0000054836      0.6272228051      0.2364076613      0.0430651767      0.6864063763
  186      1.0000055134      0.6229422857      0.2378672573      0.0427718526      0.6885459230
  187      1.0000055432      0.6186910938      0.2393214872      0.0424805116      0.6906708508
  188      1.0000055730      0.6144690221      0.2407703258      0.0421911412      0.6927812607
  189      1.0000056029      0.6102758647      0.2422137489      0.0419037285      0.6948772531
  190      1.0000056327      0.6061114177      0.2436517331      0.0416182612      0.6969589274
  191      1.0000056625      0.6019754791      0.2450842562      0.0413347266      0.6990263826
  192      1.0000056923      0.5978678484      0.2465112967      0.0410531123      0.7010797167
  193      1.0000057221      0.5937883269      0.2479328342      0.0407734058      0.7031190270
  194      1.0000057519      0.5897367176      0.2493488491      0.0404955949      0.7051444103
  195      1.0000057817      0.5857128252      0.2507593227      0.0402196671      0.7071559623
  196      1.0000058115      0.5817164559      0.2521642373      0.0399456103      0.7091537784
  197      1.0000058413      0.5777474177      0.2535635759      0.0396734122      0.7111379531
  198      1.0000058711      0.5738055198      0.2549573225      0.0394030606      0.7131085802
  199      1.0000059009      0.5698905734      0.2563454616      0.0391345436      0.7150657528
  200      1.0000059307      0.5660023907      0.2577279790      0.0388678490      0.7170095635
  201      1.0000059605      0.5621407859      0.2591048609      0.0386029649      0.7189401040
  202      1.0000059903      0.5583055743      0.2604760945      0.0383398795      0.7208574656
  203      1.0000060201      0.5544965729      0.2618416676      0.0380785807      0.7227617386
  204      1.0000060499      0.5507135999      0.2632015690      0.0378190569      0.7246530129
  205      1.0000060797      0.5469564750      0.2645557880      0.0375612964      0.7265313778
  206      1.0000061095      0.5432250195      0.2659043149      0.0373052874      0.7283969218
  207      1.0000061393      0.5395190556      0.2672471403      0.0370510184      0.7302497328
  208      1.0000061691      0.5358384074      0.2685842560      0.0367984778      0.7320898982
  209      1.0000061989      0.5321828999      0.2699156541      0.0365476541      0.7339175046
  210      1.0000062287      0.5285523596      0.2712413276      0.0362985360      0.7357326380
  211      1.0000062585      0.5249466143      0.2725612701      0.0360511120      0.7375353841
  212      1.0000062883      0.5213654930      0.2738754758      0.0358053710      0.7393258275
  213      1.0000063181      0.5178088262      0.2751839396      0.0355613016      0.7411040527
  214      1.0000063479      0.5142764453      0.2764866570      0.0353188927      0.7428701431
  215      1.0000063777      0.5107681833      0.2777836241      0.0350781332      0.7446241820
  216      1.0000064075      0.5072838742      0.2790748377      0.0348390121      0.7463662519
  217      1.0000064373      0.5038233532      0.2803602951      0.0346015184      0.7480964345
  218      1.0000064671      0.5003864568      0.2816399943      0.0343656412      0.7498148114
  219      1.0000064969      0.4969730228      0.2829139336      0.0341313697      0.7515214632
  220      1.0000065267      0.4935828899      0.2841821122      0.0338986931      0.7532164702
  221      1.0000065565      0.4902158982      0.2854445295      0.0336676007      0.7548999119
  222      1.0000065863      0.4868718888      0.2867011859      0.0334380818      0.7565718676
  223      1.0000066161      0.4835507040      0.2879520818      0.0332101259      0.7582324158
  224      1.0000066459      0.4802521873      0.2891972185      0.0329837224      0.7598816344
  225      1.0000066757      0.4769761831      0.2904365976      0.0327588610      0.7615196009
  226      1.0000067055      0.4737225372      0.2916702213      0.0325355311      0.7631463922
  227      1.0000067353      0.4704910963      0.2928980923      0.0323137225      0.7647620848
  228      1.0000067651      0.4672817083      0.2941202137      0.0320934250      0.7663667544
  229      1.0000067950      0.4640942220      0.2953365890      0.0318746282      0.7679604764
  230      1.0000068248      0.4609284875      0.2965472224      0.0316573222      0.7695433255
  231      1.0000068546      0.4577843558      0.2977521183      0.0314414968      0.7711153762
  232      1.0000068844      0.4546616790      0.2989512816      0.0312271421      0.7726767021
  233      1.0000069142      0.4515603103      0.3001447178      0.0310142480      0.7742273766
  234      1.0000069440      0.4484801038      0.3013324326      0.0308028047      0.7757674723
  235      1.0000069738      0.4454209147      0.3025144322      0.0305928025      0.7772970616
  236      1.0000070036      0.4423825993      0.3036907232      0.0303842315      0.7788162162
  237      1.0000070334      0.4393650147      0.3048613126      0.0301770820      0.7803250074
  238      1.0000070632      0.4363680191      0.3060262077      0.0299713445      0.7818235059
  239      1.0000070930      0.4333914718      0.3071854163      0.0297670093      0.7833117820
  240      1.0000071228      0.4304352330      0.3083389465      0.0295640670      0.7847899055
  241      1.0000071526      0.4274991637      0.3094868069      0.0293625081      0.7862579458
  242      1.0000071824      0.4245831262      0.3106290061      0.0291623232      0.7877159717
  243      1.0000072122      0.4216869835      0.3117655534      0.0289635031      0.7891640516
  244      1.0000072420      0.4188105996      0.3128964583      0.0287660384      0.7906022534
  245      1.0000072718      0.4159538395      0.3140217307      0.0285699200      0.7920306444
  246      1.0000073016      0.4131165691      0.3151413806      0.0283751387      0.7934492917
  247      1.0000073314      0.4102986553      0.3162554186      0.0281816855      0.7948582619
  248      1.0000073612      0.4074999658      0.3173638554      0.0279895512      0.7962576208
  249      1.0000073910      0.4047203692      0.3184667021      0.0277987271      0.7976474342
  250      1.0000074208      0.4019597353      0.3195639700      0.0276092041      0.7990277673
  251      1.0000074506      0.3992179344      0.3206556709      0.0274209735      0.8003986846
  252      1.0000074804      0.3964948379      0.3217418166      0.0272340264      0.8017602505
  253      1.0000075102      0.3937903180      0.3228224194      0.0270483541      0.8031125288
  254      1.0000075400      0.3911042480      0.3238974916      0.0268639480      0.8044555829
  255      1.0000075698      0.3884365019      0.3249670461      0.0266807994      0.8057894757
  256      1.0000075996      0.3857869544      0.3260310959      0.0264988998      0.8071142697
  257      1.0000076294      0.3831554815      0.3270896540      0.0263182407      0.8084300271
  258      1.0000076592      0.3805419596      0.3281427341      0.0261388137      0.8097368095
  259      1.0000076890      0.3779462662      0.3291903497      0.0259606104      0.8110346781
  260      1.0000077188      0.3753682796      0.3302325149      0.0257836224      0.8123236938
  261      1.0000077486      0.3728078789      0.3312692437      0.0256078415      0.8136039170
  262      1.0000077784      0.3702649442      0.3323005506      0.0254332595      0.8148754077
  263      1.0000078082      0.3677393561      0.3333264501      0.0252598682      0.8161382254
  264      1.0000078380      0.3652309962      0.3343469569      0.0250876595      0.8173924294
  265      1.0000078678      0.3627397470      0.3353620861      0.0249166254      0.8186380784
  266      1.0000078976      0.3602654918      0.3363718527      0.0247467578      0.8198752308
  267      1.0000079274      0.3578081144      0.3373762723      0.0245780488      0.8211039445
  268      1.0000079573      0.3553674997      0.3383753603      0.0244104906      0.8223242771
  269      1.0000079871      0.3529435334      0.3393691324      0.0242440753      0.8235362859
  270      1.0000080169      0.3505361018      0.3403576046      0.0240787950      0.8247400275
  271      1.0000080467      0.3481450920      0.3413407928      0.0239146422      0.8259355585
  272      1.0000080765      0.3457703921      0.3423187133      0.0237516090      0.8271229348
  273      1.0000081063      0.3434118906      0.3432913826      0.0235896879      0.8283022120
  274      1.0000081361      0.3410694772      0.3442588170      0.0234288713      0.8294734455
  275      1.0000081659      0.3387430419      0.3452210334      0.0232691517      0.8306366900
  276      1.0000081957      0.3364324759      0.3461780485      0.0231105216      0.8317920001
  277      1.0000082255      0.3341376707      0.3471298793      0.0229529735      0.8329394299
  278      1.0000082553      0.3318585189      0.3480765430      0.0227965002      0.8340790332
  279      1.0000082851      0.3295949136      0.3490180567      0.0226410942      0.8352108634
  280      1.0000083149      0.3273467489      0.3499544378      0.0224867483      0.8363349735
  281      1.0000083447      0.3251139192      0.3508857038      0.0223334553      0.8374514161
  282      1.0000083745      0.3228963201      0.3518118723      0.0221812080      0.8385602436
  283      1.0000084043      0.3206938475      0.3527329611      0.0220299993      0.8396615079
  284      1.0000084341      0.3185063983      0.3536489878      0.0218798221      0.8407552607
  285      1.0000084639      0.3163338701      0.3545599706      0.0217306694      0.8418415530
  286      1.0000084937      0.3141761609      0.3554659274      0.0215825341      0.8429204360
  287      1.0000085235      0.3120331697      0.3563668764      0.0214354094      0.8439919600
  288      1.0000085533      0.3099047961      0.3572628358      0.0212892883      0.8450561753
  289      1.0000085831      0.3077909404      0.3581538239      0.0211441641      0.8461131318
  290      1.0000086129      0.3056915035      0.3590398592      0.0210000299      0.8471628789
  291      1.0000086427      0.3036063870      0.3599209601      0.0208568790      0.8482054659
  292      1.0000086725      0.3015354933      0.3607971452      0.0207147046      0.8492409415
  293      1.0000087023      0.2994787253      0.3616684332      0.0205735002      0.8502693544
  294      1.0000087321      0.2974359867      0.3625348429      0.0204332590      0.8512907526
  295      1.0000087619      0.2954071817      0.3633963930      0.0202939746      0.8523051840
  296      1.0000087917      0.2933922154      0.3642531023      0.0201556404      0.8533126962
  297      1.0000088215      0.2913909932      0.3651049899      0.0200182499      0.8543133364
  298      1.0000088513      0.2894034215      0.3659520748      0.0198817968      0.8553071513
  299      1.0000088811      0.2874294071      0.3667943760      0.0197462745      0.8562941877
  300      1.0000089109      0.2854688576      0.3676319125      0.0196116768      0.8572744916
  301      1.0000089407      0.2835216810      0.3684647037      0.0194779973      0.8582481091
  302      1.0000089705      0.2815877862      0.3692927687      0.0193452299      0.8592150858
  303      1.0000090003      0.2796670826      0.3701161267      0.0192133682      0.8601754669
  304      1.0000090301      0.2777594802      0.3709347972      0.0190824061      0.8611292975
  305      1.0000090599      0.2758648895      0.3717487994      0.0189523375      0.8620766221
  306      1.0000090897      0.2739832219      0.3725581527      0.0188231562      0.8630174853
  307      1.0000091196      0.2721143892      0.3733628766      0.0186948563      0.8639519311
  308      1.0000091494      0.2702583039      0.3741629905      0.0185674316      0.8648800032
  309      1.0000091792      0.2684148789      0.3749585140      0.0184408763      0.8658017451
  310      1.0000092090      0.2665840280      0.3757494665      0.0183151845      0.8667172001
  311      1.0000092388      0.2647656653      0.3765358677      0.0181903501      0.8676264109
  312      1.0000092686      0.2629597057      0.3773177370      0.0180663674      0.8685294202
  313      1.0000092984      0.2611660645      0.3780950941      0.0179432306      0.8694262703
  314      1.0000093282      0.2593846578      0.3788679587      0.0178209339      0.8703170032
  315      1.0000093580      0.2576154020      0.3796363503      0.0176994716      0.8712016607
  316      1.0000093878      0.2558582144      0.3804002886      0.0175788379      0.8720802841
  317      1.0000094176      0.2541130125      0.3811597932      0.0174590273      0.8729529146
  318      1.0000094474      0.2523797147      0.3819148840      0.0173400340      0.8738195931
  319      1.0000094772      0.2506582396      0.3826655804      0.0172218526      0.8746803603
  320      1.0000095070      0.2489485068      0.3834119024      0.0171044776      0.8755352563
  321      1.0000095368      0.2472504360      0.3841538694      0.0169879033      0.8763843213
  322      1.0000095666      0.2455639478      0.3848915013      0.0168721244      0.8772275951
  323      1.0000095964      0.2438889630      0.3856248177      0.0167571353      0.8780651171
  324      1.0000096262      0.2422254034      0.3863538384      0.0166429309      0.8788969266
  325      1.0000096560      0.2405731908      0.3870785831      0.0165295055      0.8797230626
  326      1.0000096858      0.2389322480      0.3877990714      0.0164168541      0.8805435637
  327      1.0000097156      0.2373024980      0.3885153231      0.0163049713      0.8813584684
  328      1.0000097454      0.2356838645      0.3892273578      0.0161938517      0.8821678148
  329      1.0000097752      0.2340762717      0.3899351952      0.0160834904      0.8829716409
  330      1.0000098050      0.2324796443      0.3906388550      0.0159738820      0.8837699843
  331      1.0000098348      0.2308939074      0.3913383569      0.0158650214      0.8845628825
  332      1.0000098646      0.2293189868      0.3920337204      0.0157569036      0.8853503725
  333      1.0000098944      0.2277548087      0.3927249652      0.0156495234      0.8861324913
  334      1.0000099242      0.2262012999      0.3934121109      0.0155428759      0.8869092754
  335      1.0000099540      0.2246583875      0.3940951772      0.0154369560      0.8876807614
  336      1.0000099838      0.2231259993      0.3947741835      0.0153317587      0.8884469852
  337      1.0000100136      0.2216040634      0.3954491494      0.0152272793      0.8892079829
  338      1.0000100434      0.2200925087      0.3961200945      0.0151235126      0.8899637900
  339      1.0000100732      0.2185912642      0.3967870382      0.0150204540      0.8907144420
  340      1.0000101030      0.2171002597      0.3974500001      0.0149180985      0.8914599740
  341      1.0000101328      0.2156194253      0.3981089995      0.0148164414      0.8922004209
  342      1.0000101626      0.2141486917      0.3987640559      0.0147154779      0.8929358175
  343      1.0000101924      0.2126879899      0.3994151887      0.0146152032      0.8936661982
  344      1.0000102222      0.2112372515      0.4000624173      0.0145156127      0.8943915971
  345      1.0000102521      0.2097964085      0.4007057610      0.0144167018      0.8951120484
  346      1.0000102819      0.2083653935      0.4013452390      0.0143184657      0.8958275856
  347      1.0000103117      0.2069441394      0.4019808707      0.0142208998      0.8965382425
  348      1.0000103415      0.2055325797      0.4026126753      0.0141239997      0.8972440521
  349      1.0000103713      0.2041306482      0.4032406719      0.0140277607      0.8979450476
  350      1.0000104011      0.2027382792      0.4038648798      0.0139321784      0.8986412619
  351      1.0000104309      0.2013554075      0.4044853180      0.0138372482      0.8993327275
  352      1.0000104607      0.1999819684      0.4051020057      0.0137429657      0.9000194769
  353      1.0000104905      0.1986178974      0.4057149618      0.0136493266      0.9007015421
  354      1.0000105203      0.1972631307      0.4063242054      0.0135563263      0.9013789552
  355      1.0000105501      0.1959176049      0.4069297554      0.0134639606      0.9020517479
  356      1.0000105799      0.1945812569      0.4075316308      0.0133722251      0.9027199517
  357      1.0000106097      0.1932540240      0.4081298504      0.0132811156      0.9033835979
  358      1.0000106395      0.1919358442      0.4087244330      0.0131906277      0.9040427176
  359      1.0000106693      0.1906266556      0.4093153975      0.0131007572      0.9046973417
  360      1.0000106991      0.1893263970      0.4099027625      0.0130115000      0.9053475008
  361      1.0000107289      0.1880350074      0.4104865468      0.0129228517      0.9059932254
  362      1.0000107587      0.1867524264      0.4110667689      0.0128348083      0.9066345457
  363      1.0000107885      0.1854785938      0.4116434475      0.0127473657      0.9072714918
  364      1.0000108183      0.1842134499      0.4122166012      0.0126605197      0.9079040935
  365      1.0000108481      0.1829569356      0.4127862483      0.0125742663      0.9085323805
  366      1.0000108779      0.1817089919      0.4133524074      0.0124886015      0.9091563821
  367      1.0000109077      0.1804695605      0.4139150969      0.0124035211      0.9097761276
  368      1.0000109375      0.1792385831      0.4144743350      0.0123190213      0.9103916461
  369      1.0000109673      0.1780160022      0.4150301401      0.0122350980      0.9110029663
  370      1.0000109971      0.1768017605      0.4155825304      0.0121517474      0.9116101170
  371      1.0000110269      0.1755958011      0.4161315241      0.0120689656      0.9122131265
  372      1.0000110567      0.1743980675      0.4166771393      0.0119867485      0.9128120231
  373      1.0000110865      0.1732085036      0.4172193941      0.0119050925      0.9134068348
  374      1.0000111163      0.1720270537      0.4177583065      0.0118239937      0.9139975896
  375      1.0000111461      0.1708536624      0.4182938944      0.0117434482      0.9145843150
  376      1.0000111759      0.1696882748      0.4188261757      0.0116634524      0.9151670386
  377      1.0000112057      0.1685308363      0.4193551684      0.0115840024      0.9157457877
  378      1.0000112355      0.1673812927      0.4198808901      0.0115050945      0.9163205893
  379      1.0000112653      0.1662395900      0.4204033586      0.0114267250      0.9168914704
  380      1.0000112951      0.1651056748      0.4209225916      0.0113488903      0.9174584578
  381      1.0000113249      0.1639794941      0.4214386067      0.0112715868      0.9180215780
  382      1.0000113547      0.1628609950      0.4219514214      0.0111948107      0.9185808573
  383      1.0000113846      0.1617501251      0.4224610533      0.0111185585      0.9191363220
  384      1.0000114144      0.1606468325      0.4229675197      0.0110428266      0.9196879982
  385      1.0000114442      0.1595510654      0.4234708380      0.0109676115      0.9202359115
  386      1.0000114740      0.1584627725      0.4239710255      0.0108929096      0.9207800878
  387      1.0000115038      0.1573819027      0.4244680996      0.0108187175      0.9213205524
  388      1.0000115336      0.1563084056      0.4249620773      0.0107450316      0.9218573308
  389      1.0000115634      0.1552422308      0.4254529758      0.0106718485      0.9223904480
  390      1.0000115932      0.1541833283      0.4259408121      0.0105991649      0.9229199291
  391      1.0000116230      0.1531316485      0.4264256033      0.0105269772      0.9234457987
  392      1.0000116528      0.1520871423      0.4269073663      0.0104552821      0.9239680817
  393      1.0000116826      0.1510497605      0.4273861179      0.0103840762      0.9244868023
  394      1.0000117124      0.1500194548      0.4278618750      0.0103133562      0.9250019850
  395      1.0000117422      0.1489961767      0.4283346543      0.0102431188      0.9255136539
  396      1.0000117720      0.1479798783      0.4288044724      0.0101733607      0.9260218328
  397      1.0000118018      0.1469705121      0.4292713461      0.0101040787      0.9265265458
  398      1.0000118316      0.1459680308      0.4297352919      0.0100352694      0.9270278162
  399      1.0000118614      0.1449723873      0.4301963261      0.0099669296      0.9275256678
  400      1.0000118912      0.1439835351      0.4306544654      0.0098990562      0.9280201237
  401      1.0000119210      0.1430014278      0.4311097259      0.0098316459      0.9285112071
  402      1.0000119508      0.1420260195      0.4315621241      0.0097646957      0.9289989411
  403      1.0000119806      0.1410572644      0.4320116760      0.0096982023      0.9294833484
  404      1.0000120104      0.1400951171      0.4324583980      0.0096321627      0.9299644519
  405      1.0000120402      0.1391395326      0.4329023060      0.0095665738      0.9304422739
  406      1.0000120700      0.1381904662      0.4333434162      0.0095014324      0.9309168369
  407      1.0000120998      0.1372478732      0.4337817444      0.0094367355      0.9313881632
  408      1.0000121296      0.1363117097      0.4342173066      0.0093724802      0.9318562748
  409      1.0000121594      0.1353819317      0.4346501186      0.0093086633      0.9323211936
  410      1.0000121892      0.1344584957      0.4350801961      0.0092452820      0.9327829414
  411      1.0000122190      0.1335413585      0.4355075549      0.0091823331      0.9332415398
  412      1.0000122488      0.1326304770      0.4359322105      0.0091198139      0.9336970104
  413      1.0000122786      0.1317258086      0.4363541786      0.0090577213      0.9341493744
  414      1.0000123084      0.1308273109      0.4367734746      0.0089960524      0.9345986530
  415      1.0000123382      0.1299349418      0.4371901139      0.0089348043      0.9350448673
  416      1.0000123680      0.1290486596      0.4376041120      0.0088739743      0.9354880383
  417      1.0000123978      0.1281684226      0.4380154840      0.0088135593      0.9359281865
  418      1.0000124276      0.1272941898      0.4384242453      0.0087535567      0.9363653328
  419      1.0000124574      0.1264259200      0.4388304110      0.0086939635      0.9367994975
  420      1.0000124873      0.1255635727      0.4392339962      0.0086347770      0.9372307009
  421      1.0000125171      0.1247071074      0.4396350158      0.0085759945      0.9376589634
  422      1.0000125469      0.1238564841      0.4400334849      0.0085176130      0.9380843048
  423      1.0000125767      0.1230116628      0.4404294183      0.0084596301      0.9385067453
  424      1.0000126065      0.1221726040      0.4408228309      0.0084020428      0.9389263044
  425      1.0000126363      0.1213392685      0.4412137374      0.0083448485      0.9393430020
  426      1.0000126661      0.1205116170      0.4416021525      0.0082880445      0.9397568576
  427      1.0000126959      0.1196896110      0.4419880908      0.0082316282      0.9401678904
  428      1.0000127257      0.1188732118      0.4423715669      0.0081755969      0.9405761198
  429      1.0000127555      0.1180623813      0.4427525953      0.0081199481      0.9409815648
  430      1.0000127853      0.1172570815      0.4431311903      0.0080646789      0.9413842446
  431      1.0000128151      0.1164572745      0.4435073663      0.0080097870      0.9417841778
  432      1.0000128449      0.1156629230      0.4438811376      0.0079552697      0.9421813834
  433      1.0000128747      0.1148739898      0.4442525184      0.0079011245      0.9425758798
  434      1.0000129045      0.1140904378      0.4446215229      0.0078473488      0.9429676856
  435      1.0000129343      0.1133122305      0.4449881651      0.0077939401      0.9433568191
  436      1.0000129641      0.1125393312      0.4453524591      0.0077408959      0.9437432985
  437      1.0000129939      0.1117717039      0.4457144187      0.0076882137      0.9441271419
  438      1.0000130237      0.1110093126      0.4460740579      0.0076358911      0.9445083674
  439      1.0000130535      0.1102521214      0.4464313906      0.0075839255      0.9448869928
  440      1.0000130833      0.1095000951      0.4467864303      0.0075323147      0.9452630357
  441      1.0000131131      0.1087531983      0.4471391908      0.0074810560      0.9456365139
  442      1.0000131429      0.1080113961      0.4474896858      0.0074301472      0.9460074449
  443      1.0000131727      0.1072746537      0.4478379287      0.0073795858      0.9463758459
  444      1.0000132025      0.1065429366      0.4481839331      0.0073293696      0.9467417342
  445      1.0000132323      0.1058162105      0.4485277123      0.0072794960      0.9471051271
  446      1.0000132621      0.1050944414      0.4488692797      0.0072299629      0.9474660414
  447      1.0000132919      0.1043775954      0.4492086486      0.0071807678      0.9478244942
  448      1.0000133217      0.1036656391      0.4495458322      0.0071319084      0.9481805022
  449      1.0000133515      0.1029585389      0.4498808437      0.0070833826      0.9485340821
  450      1.0000133813      0.1022562619      0.4502136960      0.0070351879      0.9488852504
  451      1.0000134111      0.1015587751      0.4505444023      0.0069873222      0.9492340236
  452      1.0000134409      0.1008660458      0.4508729755      0.0069397832      0.9495804180
  453      1.0000134707      0.1001780416      0.4511994285      0.0068925686      0.9499244499
  454      1.0000135005      0.0994947303      0.4515237740      0.0068456763      0.9502661354
  455      1.0000135303      0.0988160798      0.4518460249      0.0067991040      0.9506054905
  456      1.0000135601      0.0981420583      0.4521661939      0.0067528497      0.9509425310
  457      1.0000135900      0.0974726344      0.4524842935      0.0067069110      0.9512772728
  458      1.0000136198      0.0968077765      0.4528003364      0.0066612858      0.9516097315
  459      1.0000136496      0.0961474537      0.4531143349      0.0066159721      0.9519399227
  460      1.0000136794      0.0954916348      0.4534263017      0.0065709677      0.9522678619
  461      1.0000137092      0.0948402893      0.4537362489      0.0065262704      0.9525935645
  462      1.0000137390      0.0941933866      0.4540441890      0.0064818782      0.9529170456
  463      1.0000137688      0.0935508964      0.4543501341      0.0064377891      0.9532383205
  464      1.0000137986      0.0929127887      0.4546540965      0.0063940008      0.9535574042
  465      1.0000138284      0.0922790334      0.4549560883      0.0063505115      0.9538743117
  466      1.0000138582      0.0916496009      0.4552561214      0.0063073189      0.9541890577
  467      1.0000138880      0.0910244618      0.4555542079      0.0062644212      0.9545016571
  468      1.0000139178      0.0904035868      0.4558503598      0.0062218164      0.9548121244
  469      1.0000139476      0.0897869467      0.4561445888      0.0061795023      0.9551204742
  470      1.0000139774      0.0891745127      0.4564369068      0.0061374770      0.9554267210
  471      1.0000140072      0.0885662561      0.4567273254      0.0060957386      0.9557308792
  472      1.0000140370      0.0879621484      0.4570158565      0.0060542851      0.9560329628
  473      1.0000140668      0.0873621613      0.4573025115      0.0060131146      0.9563329862
  474      1.0000140966      0.0867662666      0.4575873021      0.0059722251      0.9566309633
  475      1.0000141264      0.0861744366      0.4578702396      0.0059316146      0.9569269081
  476      1.0000141562      0.0855866434      0.4581513357      0.0058912814      0.9572208345
  477      1.0000141860      0.0850028596      0.4584306015      0.0058512236      0.9575127562
  478      1.0000142158      0.0844230577      0.4587080484      0.0058114391      0.9578026870
  479      1.0000142456      0.0838472106      0.4589836877      0.0057719262      0.9580906403
  480      1.0000142754      0.0832752914      0.4592575305      0.0057326831      0.9583766297
