# time   trace   domains   purity   coherence  equireached
    1      1.0000000000      6.5454545455      0.0010822511      0.0000000000      0.0000000000
    2      1.0000000298      6.0000001788      0.0004673357      0.5454545915      0.0000000000
    3      1.0000000596      5.5454548760      0.0004194141      0.6239169347      0.0000000000
    4      1.0000000894      5.1633001249      0.0004497519      0.6500091304      0.0000000000
    5      1.0000001192      4.8391034108      0.0005158005      0.5708491734      0.0000000000
    6      1.0000001490      4.5616340856      0.0006080052      0.5534834030      0.0000000000
    7      1.0000001788      4.3221306337      0.0007227335      0.5012050344      0.0000676407
    8      1.0000002086      4.1137234367      0.0008576820      0.4665081260      0.0002670165
    9      1.0000002384      3.9309915674      0.0010106892      0.4332725709      0.0006516487
   10      1.0000002682      3.7696265834      0.0011794369      0.4079155949      0.0012573686
   11      1.0000002980      3.6261785696      0.0013614928      0.3851034206      0.0021052907
   12      1.0000003278      3.4978642307      0.0015544717      0.3665520260      0.0032044270
   13      1.0000003576      3.3824214005      0.0017561987      0.3502933889      0.0045550465
   14      1.0000003874      3.2779981934      0.0019648276      0.3375387873      0.0061512125
   15      1.0000004172      3.1830680467      0.0021789021      0.3267207430      0.0079828761
   16      1.0000004470      3.0963641789      0.0023973690      0.3170293669      0.0100373883
   17      1.0000004768      3.0168286858      0.0026195568      0.3086452219      0.0123006226
   18      1.0000005066      2.9435727329      0.0028451334      0.3010236127      0.0147577663
   19      1.0000005364      2.8758452151      0.0030740531      0.2940995109      0.0173938776
   20      1.0000005662      2.8130079178      0.0033065014      0.2876064461      0.0201942651
   21      1.0000005960      2.7545157040      0.0035428427      0.2815417940      0.0231447404
   22      1.0000006258      2.6999006123      0.0037835721      0.2756792629      0.0262317778
   23      1.0000006557      2.6487590165      0.0040292744      0.2700147830      0.0294426075
   24      1.0000006855      2.6007411981      0.0042805896      0.2644482450      0.0327652623
   25      1.0000007153      2.5555428316      0.0045381847      0.2591061001      0.0361885910
   26      1.0000007451      2.5128979944      0.0048027317      0.2539851642      0.0397022484
   27      1.0000007749      2.4725733992      0.0050748901      0.2489564303      0.0432966709
   28      1.0000008047      2.4343636126      0.0053552942      0.2440425235      0.0469630417
   29      1.0000008345      2.3980870716      0.0056445441      0.2393075843      0.0506932501
   30      1.0000008643      2.3635827516      0.0059431986      0.2348598919      0.0544798477
   31      1.0000008941      2.3307073655      0.0062517720      0.2305719513      0.0583160036
   32      1.0000009239      2.2993330011      0.0065707314      0.2263448473      0.0621954592
   33      1.0000009537      2.2693451195      0.0069004958      0.2222651566      0.0661124855
   34      1.0000009835      2.2406408533      0.0072414367      0.2183106810      0.0700618407
   35      1.0000010133      2.2131275541      0.0075938790      0.2144373362      0.0740387315
   36      1.0000010431      2.1867215485      0.0079581025      0.2106406374      0.0780387753
   37      1.0000010729      2.1613470695      0.0083343440      0.2069231323      0.0820579668
   38      1.0000011027      2.1369353349      0.0087227998      0.2032971988      0.0860926450
   39      1.0000011325      2.1134237508      0.0091236277      0.1997647867      0.0901394645
   40      1.0000011623      2.0907552202      0.0095369500      0.1963227536      0.0941953685
   41      1.0000011921      2.0688775417      0.0099628556      0.1929743898      0.0982575636
   42      1.0000012219      2.0477428858      0.0104014027      0.1897208168      0.1023234973
   43      1.0000012517      2.0273073354      0.0108526212      0.1865649857      0.1063908376
   44      1.0000012815      2.0075304845      0.0113165148      0.1835125216      0.1104574537
   45      1.0000013113      1.9883750838      0.0117930639      0.1805560214      0.1145213993
   46      1.0000013411      1.9698067297      0.0122822267      0.1776938683      0.1185808966
   47      1.0000013709      1.9517935891      0.0127839420      0.1749249768      0.1226343222
   48      1.0000014007      1.9343061553      0.0132981309      0.1722481066      0.1266801944
   49      1.0000014305      1.9173170322      0.0138246983      0.1696617223      0.1307171611
   50      1.0000014603      1.9008007420      0.0143635347      0.1671640534      0.1347439892
   51      1.0000014901      1.8847335539      0.0149145177      0.1647546322      0.1387595551
   52      1.0000015199      1.8690933310      0.0154775137      0.1624301329      0.1427628355
   53      1.0000015497      1.8538593938      0.0160523787      0.1601877159      0.1467528995
   54      1.0000015795      1.8390123971      0.0166389598      0.1580250581      0.1507289014
   55      1.0000016093      1.8245342203      0.0172370965      0.1559397523      0.1546900736
   56      1.0000016391      1.8104078680      0.0178466212      0.1539293319      0.1586357207
   57      1.0000016689      1.7966173804      0.0184673610      0.1519913142      0.1625652141
   58      1.0000016987      1.7831477534      0.0190991376      0.1501232340      0.1664779863
   59      1.0000017285      1.7699848647      0.0197417688      0.1483226222      0.1703735268
   60      1.0000017583      1.7571154083      0.0203950690      0.1465869418      0.1742513776
   61      1.0000017881      1.7445268341      0.0210588500      0.1449137382      0.1781111289
   62      1.0000018179      1.7322072933      0.0217329215      0.1433005962      0.1819524160
   63      1.0000018477      1.7201455890      0.0224170916      0.1417451565      0.1857749157
   64      1.0000018775      1.7083311306      0.0231111675      0.1402450798      0.1895783431
   65      1.0000019074      1.6967538921      0.0238149559      0.1387981686      0.1933624491
   66      1.0000019372      1.6854043747      0.0245282635      0.1374022174      0.1971270174
   67      1.0000019670      1.6742735718      0.0252508972      0.1360549714      0.2008718623
   68      1.0000019968      1.6633529370      0.0259826645      0.1347543428      0.2045968264
   69      1.0000020266      1.6526343548      0.0267233741      0.1334983082      0.2083017787
   70      1.0000020564      1.6421101138      0.0274728359      0.1322852901      0.2119866123
   71      1.0000020862      1.6317728815      0.0282308611      0.1311131089      0.2156512429
   72      1.0000021160      1.6216156818      0.0289972629      0.1299797807      0.2192956070
   73      1.0000021458      1.6116318730      0.0297718564      0.1288835510      0.2229196604
   74      1.0000021756      1.6018151290      0.0305544587      0.1278227318      0.2265233770
   75      1.0000022054      1.5921594205      0.0313448894      0.1267956997      0.2301067469
   76      1.0000022352      1.5826589982      0.0321429702      0.1258008944      0.2336697758
   77      1.0000022650      1.5733083772      0.0329485257      0.1248368176      0.2372124832
   78      1.0000022948      1.5641023224      0.0337613827      0.1239020322      0.2407349019
   79      1.0000023246      1.5550358346      0.0345813712      0.1229951602      0.2442370765
   80      1.0000023544      1.5461041381      0.0354083236      0.1221148817      0.2477190630
   81      1.0000023842      1.5373026687      0.0362420753      0.1212599334      0.2511809271
   82      1.0000024140      1.5286270625      0.0370824646      0.1204291063      0.2546227442
   83      1.0000024438      1.5200731458      0.0379293326      0.1196212464      0.2580445982
   84      1.0000024736      1.5116369252      0.0387825235      0.1188352685      0.2614465807
   85      1.0000025034      1.5033145782      0.0396418843      0.1180700969      0.2648287908
   86      1.0000025332      1.4951024455      0.0405072650      0.1173247227      0.2681913338
   87      1.0000025630      1.4869970219      0.0413785186      0.1165981860      0.2715343210
   88      1.0000025928      1.4789949494      0.0422555010      0.1158895788      0.2748578691
   89      1.0000026226      1.4710930101      0.0431380710      0.1151980215      0.2781620998
   90      1.0000026524      1.4632881189      0.0440260904      0.1145226807      0.2814471390
   91      1.0000026822      1.4555773180      0.0449194237      0.1138627644      0.2847131166
   92      1.0000027120      1.4479577703      0.0458179385      0.1132175188      0.2879601659
   93      1.0000027418      1.4404267540      0.0467215048      0.1125862264      0.2911884233
   94      1.0000027716      1.4329816573      0.0476299959      0.1119682047      0.2943980280
   95      1.0000028014      1.4256199732      0.0485432874      0.1113628045      0.2975891214
   96      1.0000028312      1.4183392949      0.0494612578      0.1107694085      0.3007618470
   97      1.0000028610      1.4111373114      0.0503837881      0.1101874302      0.3039163502
   98      1.0000028908      1.4040118026      0.0513107620      0.1096163123      0.3070527777
   99      1.0000029206      1.3969606361      0.0522420657      0.1090555253      0.3101712772
  100      1.0000029504      1.3899817627      0.0531775879      0.1085045666      0.3132719976
  101      1.0000029802      1.3830732130      0.0541172197      0.1079629589      0.3163550885
  102      1.0000030100      1.3762330940      0.0550608546      0.1074302494      0.3194206997
  103      1.0000030398      1.3694595853      0.0560083884      0.1069060085      0.3224689817
  104      1.0000030696      1.3627509368      0.0569597191      0.1063898285      0.3255000848
  105      1.0000030994      1.3561054650      0.0579147472      0.1058813230      0.3285141593
  106      1.0000031292      1.3495215503      0.0588733750      0.1053801257      0.3315113554
  107      1.0000031591      1.3429976345      0.0598355072      0.1048858895      0.3344918227
  108      1.0000031889      1.3365322182      0.0608010504      0.1043982852      0.3374557106
  109      1.0000032187      1.3301238579      0.0617699132      0.1039170014      0.3404031677
  110      1.0000032485      1.3237711644      0.0627420061      0.1034417429      0.3433343417
  111      1.0000032783      1.3174727997      0.0637172417      0.1029722303      0.3462493797
  112      1.0000033081      1.3112274757      0.0646955343      0.1025081991      0.3491484278
  113      1.0000033379      1.3050339515      0.0656768000      0.1020493990      0.3520316311
  114      1.0000033677      1.2988910317      0.0666609567      0.1015955934      0.3548991334
  115      1.0000033975      1.2927975647      0.0676479238      0.1011465582      0.3577510776
  116      1.0000034273      1.2867524406      0.0686376226      0.1007020818      0.3605876051
  117      1.0000034571      1.2807545899      0.0696299758      0.1002619638      0.3634088561
  118      1.0000034869      1.2748029813      0.0706249078      0.0998260151      0.3662149695
  119      1.0000035167      1.2688966209      0.0716223444      0.0993940570      0.3690060827
  120      1.0000035465      1.2630345498      0.0726222130      0.0989659205      0.3717823316
  121      1.0000035763      1.2572158436      0.0736244422      0.0985414461      0.3745438508
  122      1.0000036061      1.2514396104      0.0746289621      0.0981204833      0.3772907732
  123      1.0000036359      1.2457049897      0.0756357043      0.0977028900      0.3800232303
  124      1.0000036657      1.2400111513      0.0766446013      0.0972885319      0.3827413518
  125      1.0000036955      1.2343572939      0.0776555871      0.0968772825      0.3854452662
  126      1.0000037253      1.2287426438      0.0786685971      0.0964690225      0.3881351001
  127      1.0000037551      1.2231664544      0.0796835676      0.0960636394      0.3908109785
  128      1.0000037849      1.2176280045      0.0807004360      0.0956610269      0.3934730248
  129      1.0000038147      1.2121265976      0.0817191411      0.0952610851      0.3961213608
  130      1.0000038445      1.2066615611      0.0827396226      0.0948637198      0.3987561067
  131      1.0000038743      1.2012322448      0.0837618212      0.0944688423      0.4013773810
  132      1.0000039041      1.1958380208      0.0847856788      0.0940763690      0.4039853005
  133      1.0000039339      1.1904782820      0.0858111381      0.0936862211      0.4065799806
  134      1.0000039637      1.1851524414      0.0868381430      0.0932983248      0.4091615348
  135      1.0000039935      1.1798599318      0.0878666380      0.0929126103      0.4117300751
  136      1.0000040233      1.1746002044      0.0888965687      0.0925290120      0.4142857119
  137      1.0000040531      1.1693727285      0.0899278817      0.0921474685      0.4168285540
  138      1.0000040829      1.1641769906      0.0909605242      0.0917679217      0.4193587084
  139      1.0000041127      1.1590124938      0.0919944443      0.0913903172      0.4218762810
  140      1.0000041425      1.1538787574      0.0930295911      0.0910146039      0.4243813755
  141      1.0000041723      1.1487753157      0.0940659142      0.0906407338      0.4268740947
  142      1.0000042021      1.1437017180      0.0951033643      0.0902686617      0.4293545393
  143      1.0000042319      1.1386575280      0.0961418924      0.0898983453      0.4318228088
  144      1.0000042617      1.1336423227      0.0971814505      0.0895297450      0.4342790012
  145      1.0000042915      1.1286556925      0.0982219915      0.0891628233      0.4367232129
  146      1.0000043213      1.1236972405      0.0992634685      0.0887975455      0.4391555389
  147      1.0000043511      1.1187665817      0.1003058356      0.0884338786      0.4415760727
  148      1.0000043810      1.1138633432      0.1013490475      0.0880717920      0.4439849064
  149      1.0000044108      1.1089871632      0.1023930595      0.0877112569      0.4463821308
  150      1.0000044406      1.1041376907      0.1034378275      0.0873522463      0.4487678352
  151      1.0000044704      1.0993145853      0.1044833080      0.0869947350      0.4511421075
  152      1.0000045002      1.0945175166      0.1055294582      0.0866386994      0.4535050345
  153      1.0000045300      1.0897461639      0.1065762358      0.0862841173      0.4558567013
  154      1.0000045598      1.0850002157      0.1076235989      0.0859309679      0.4581971920
  155      1.0000045896      1.0802793698      0.1086715065      0.0855792320      0.4605265894
  156      1.0000046194      1.0755833323      0.1097199178      0.0852288914      0.4628449750
  157      1.0000046492      1.0709118180      0.1107687927      0.0848799291      0.4651524290
  158      1.0000046790      1.0662645493      0.1118180916      0.0845323293      0.4674490304
  159      1.0000047088      1.0616412566      0.1128677754      0.0841860771      0.4697348572
  160      1.0000047386      1.0570416777      0.1139178054      0.0838411588      0.4720099859
  161      1.0000047684      1.0524655576      0.1149681436      0.0834975613      0.4742744922
  162      1.0000047982      1.0479126481      0.1160187522      0.0831552726      0.4765284505
  163      1.0000048280      1.0433827078      0.1170695940      0.0828142813      0.4787719342
  164      1.0000048578      1.0388755015      0.1181206324      0.0824745768      0.4810050154
  165      1.0000048876      1.0343908005      0.1191718309      0.0821361493      0.4832277653
  166      1.0000049174      1.0299283818      0.1202231538      0.0817989895      0.4854402541
  167      1.0000049472      1.0254880282      0.1212745657      0.0814630888      0.4876425510
  168      1.0000049770      1.0210695281      0.1223260314      0.0811284390      0.4898347240
  169      1.0000050068      1.0166726751      0.1233775165      0.0807950327      0.4920168404
  170      1.0000050366      1.0122972681      0.1244289868      0.0804628626      0.4941889663
  171      1.0000050664      1.0079431109      0.1254804084      0.0801319222      0.4963511669
  172      1.0000050962      1.0036100121      0.1265317481      0.0798022053      0.4985035067
  173      1.0000051260      0.9992977848      0.1275829729      0.0794737060      0.5006460490
  174      1.0000051558      0.9950062467      0.1286340500      0.0791464187      0.5027788565
  175      1.0000051856      0.9907352197      0.1296849475      0.0788203384      0.5049019908
  176      1.0000052154      0.9864845299      0.1307356333      0.0784954603      0.5070155127
  177      1.0000052452      0.9822540073      0.1317860761      0.0781717796      0.5091194824
  178      1.0000052750      0.9780434858      0.1328362447      0.0778492922      0.5112139591
  179      1.0000053048      0.9738528032      0.1338861084      0.0775279939      0.5132990011
  180      1.0000053346      0.9696818005      0.1349356369      0.0772078809      0.5153746661
  181      1.0000053644      0.9655303226      0.1359848000      0.0768889496      0.5174410110
  182      1.0000053942      0.9613982174      0.1370335681      0.0765711963      0.5194980921
  183      1.0000054240      0.9572853361      0.1380819118      0.0762546180      0.5215459646
  184      1.0000054538      0.9531915333      0.1391298022      0.0759392112      0.5235846834
  185      1.0000054836      0.9491166661      0.1401772106      0.0756249731      0.5256143024
  186      1.0000055134      0.9450605950      0.1412241086      0.0753119008      0.5276348751
  187      1.0000055432      0.9410231831      0.1422704683      0.0749999914      0.5296464540
  188      1.0000055730      0.9370042961      0.1433162619      0.0746892422      0.5316490913
  189      1.0000056029      0.9330038025      0.1443614621      0.0743796507      0.5336428384
  190      1.0000056327      0.9290215732      0.1454060418      0.0740712143      0.5356277459
  191      1.0000056625      0.9250574817      0.1464499744      0.0737639305      0.5376038642
  192      1.0000056923      0.9211114038      0.1474932333      0.0734577970      0.5395712427
  193      1.0000057221      0.9171832175      0.1485357926      0.0731528114      0.5415299305
  194      1.0000057519      0.9132728031      0.1495776263      0.0728489714      0.5434799759
  195      1.0000057817      0.9093800430      0.1506187090      0.0725462748      0.5454214269
  196      1.0000058115      0.9055048218      0.1516590155      0.0722447192      0.5473543308
  197      1.0000058413      0.9016470259      0.1526985208      0.0719443026      0.5492787344
  198      1.0000058711      0.8978065437      0.1537372005      0.0716450226      0.5511946838
  199      1.0000059009      0.8939832655      0.1547750301      0.0713468772      0.5531022250
  200      1.0000059307      0.8901770835      0.1558119857      0.0710498642      0.5550014031
  201      1.0000059605      0.8863878915      0.1568480434      0.0707539813      0.5568922630
  202      1.0000059903      0.8826155850      0.1578831800      0.0704592265      0.5587748489
  203      1.0000060201      0.8788600614      0.1589173721      0.0701655977      0.5606492046
  204      1.0000060499      0.8751212193      0.1599505969      0.0698730925      0.5625153736
  205      1.0000060797      0.8713989592      0.1609828318      0.0695817090      0.5643733987
  206      1.0000061095      0.8676931828      0.1620140545      0.0692914448      0.5662233224
  207      1.0000061393      0.8640037935      0.1630442429      0.0690022978      0.5680651868
  208      1.0000061691      0.8603306960      0.1640733753      0.0687142658      0.5698990335
  209      1.0000061989      0.8566737963      0.1651014300      0.0684273465      0.5717249038
  210      1.0000062287      0.8530330018      0.1661283859      0.0681415378      0.5735428385
  211      1.0000062585      0.8494082211      0.1671542220      0.0678568373      0.5753528779
  212      1.0000062883      0.8457993642      0.1681789176      0.0675732427      0.5771550622
  213      1.0000063181      0.8422063421      0.1692024522      0.0672907518      0.5789494310
  214      1.0000063479      0.8386290671      0.1702248056      0.0670093622      0.5807360236
  215      1.0000063777      0.8350674526      0.1712459579      0.0667290716      0.5825148790
  216      1.0000064075      0.8315214132      0.1722658894      0.0664498775      0.5842860357
  217      1.0000064373      0.8279908643      0.1732845807      0.0661717776      0.5860495319
  218      1.0000064671      0.8244757226      0.1743020126      0.0658947694      0.5878054056
  219      1.0000064969      0.8209759057      0.1753181662      0.0656188505      0.5895536943
  220      1.0000065267      0.8174913323      0.1763330228      0.0653440183      0.5912944352
  221      1.0000065565      0.8140219218      0.1773465640      0.0650702703      0.5930276653
  222      1.0000065863      0.8105675948      0.1783587715      0.0647976040      0.5947534210
  223      1.0000066161      0.8071282726      0.1793696276      0.0645260168      0.5964717389
  224      1.0000066459      0.8037038775      0.1803791144      0.0642555060      0.5981826547
  225      1.0000066757      0.8002943326      0.1813872145      0.0639860692      0.5998862042
  226      1.0000067055      0.7968995618      0.1823939107      0.0637177035      0.6015824228
  227      1.0000067353      0.7935194899      0.1833991860      0.0634504063      0.6032713456
  228      1.0000067651      0.7901540423      0.1844030236      0.0631841749      0.6049530075
  229      1.0000067950      0.7868031455      0.1854054071      0.0629190065      0.6066274429
  230      1.0000068248      0.7834667264      0.1864063202      0.0626548984      0.6082946862
  231      1.0000068546      0.7801447127      0.1874057467      0.0623918477      0.6099547715
  232      1.0000068844      0.7768370331      0.1884036709      0.0621298517      0.6116077324
  233      1.0000069142      0.7735436165      0.1894000772      0.0618689074      0.6132536024
  234      1.0000069440      0.7702643929      0.1903949501      0.0616090121      0.6148924149
  235      1.0000069738      0.7669992928      0.1913882746      0.0613501628      0.6165242028
  236      1.0000070036      0.7637482472      0.1923800357      0.0610923565      0.6181489990
  237      1.0000070334      0.7605111880      0.1933702187      0.0608355904      0.6197668359
  238      1.0000070632      0.7572880474      0.1943588090      0.0605798614      0.6213777458
  239      1.0000070930      0.7540787586      0.1953457924      0.0603251667      0.6229817608
  240      1.0000071228      0.7508832549      0.1963311549      0.0600715031      0.6245789128
  241      1.0000071526      0.7477014705      0.1973148825      0.0598188676      0.6261692334
  242      1.0000071824      0.7445333400      0.1982969616      0.0595672572      0.6277527539
  243      1.0000072122      0.7413787988      0.1992773788      0.0593166688      0.6293295056
  244      1.0000072420      0.7382377824      0.2002561209      0.0590670993      0.6308995195
  245      1.0000072718      0.7351102272      0.2012331748      0.0588185456      0.6324628262
  246      1.0000073016      0.7319960700      0.2022085277      0.0585710045      0.6340194565
  247      1.0000073314      0.7288952479      0.2031821670      0.0583244730      0.6355694406
  248      1.0000073612      0.7258076987      0.2041540803      0.0580789479      0.6371128087
  249      1.0000073910      0.7227333607      0.2051242553      0.0578344259      0.6386495908
  250      1.0000074208      0.7196721725      0.2060926801      0.0575909039      0.6401798166
  251      1.0000074506      0.7166240733      0.2070593428      0.0573483787      0.6417035158
  252      1.0000074804      0.7135890026      0.2080242318      0.0571068470      0.6432207178
  253      1.0000075102      0.7105669006      0.2089873356      0.0568663057      0.6447314517
  254      1.0000075400      0.7075577076      0.2099486431      0.0566267514      0.6462357467
  255      1.0000075698      0.7045613646      0.2109081431      0.0563881810      0.6477336315
  256      1.0000075996      0.7015778128      0.2118658248      0.0561505911      0.6492251349
  257      1.0000076294      0.6986069939      0.2128216775      0.0559139785      0.6507102854
  258      1.0000076592      0.6956488500      0.2137756907      0.0556783398      0.6521891113
  259      1.0000076890      0.6927033237      0.2147278541      0.0554436718      0.6536616408
  260      1.0000077188      0.6897703578      0.2156781576      0.0552099712      0.6551279020
  261      1.0000077486      0.6868498956      0.2166265912      0.0549772346      0.6565879225
  262      1.0000077784      0.6839418806      0.2175731452      0.0547454588      0.6580417302
  263      1.0000078082      0.6810462569      0.2185178099      0.0545146403      0.6594893526
  264      1.0000078380      0.6781629689      0.2194605760      0.0542847759      0.6609308170
  265      1.0000078678      0.6752919611      0.2204014342      0.0540558622      0.6623661506
  266      1.0000078976      0.6724331788      0.2213403753      0.0538278958      0.6637953805
  267      1.0000079274      0.6695865671      0.2222773907      0.0536008734      0.6652185335
  268      1.0000079573      0.6667520720      0.2232124714      0.0533747917      0.6666356366
  269      1.0000079871      0.6639296394      0.2241456089      0.0531496472      0.6680467161
  270      1.0000080169      0.6611192157      0.2250767949      0.0529254367      0.6694517987
  271      1.0000080467      0.6583207476      0.2260060210      0.0527021566      0.6708509106
  272      1.0000080765      0.6555341822      0.2269332794      0.0524798038      0.6722440780
  273      1.0000081063      0.6527594667      0.2278585619      0.0522583747      0.6736313269
  274      1.0000081361      0.6499965489      0.2287818609      0.0520378660      0.6750126832
  275      1.0000081659      0.6472453765      0.2297031689      0.0518182743      0.6763881727
  276      1.0000081957      0.6445058980      0.2306224783      0.0515995962      0.6777578210
  277      1.0000082255      0.6417780617      0.2315397819      0.0513818285      0.6791216535
  278      1.0000082553      0.6390618166      0.2324550725      0.0511649676      0.6804796957
  279      1.0000082851      0.6363571116      0.2333683433      0.0509490101      0.6818319727
  280      1.0000083149      0.6336638963      0.2342795874      0.0507339528      0.6831785096
  281      1.0000083447      0.6309821203      0.2351887981      0.0505197923      0.6845193313
  282      1.0000083745      0.6283117335      0.2360959690      0.0503065251      0.6858544628
  283      1.0000084043      0.6256526861      0.2370010936      0.0500941479      0.6871839286
  284      1.0000084341      0.6230049287      0.2379041657      0.0498826573      0.6885077535
  285      1.0000084639      0.6203684119      0.2388051793      0.0496720499      0.6898259617
  286      1.0000084937      0.6177430868      0.2397041285      0.0494623224      0.6911385777
  287      1.0000085235      0.6151289046      0.2406010073      0.0492534714      0.6924456256
  288      1.0000085533      0.6125258169      0.2414958103      0.0490454936      0.6937471296
  289      1.0000085831      0.6099337755      0.2423885318      0.0488383855      0.6950431136
  290      1.0000086129      0.6073527323      0.2432791665      0.0486321439      0.6963336014
  291      1.0000086427      0.6047826397      0.2441677092      0.0484267653      0.6976186168
  292      1.0000086725      0.6022234502      0.2450541548      0.0482222464      0.6988981833
  293      1.0000087023      0.5996751165      0.2459384982      0.0480185840      0.7001723246
  294      1.0000087321      0.5971375917      0.2468207347      0.0478157746      0.7014410639
  295      1.0000087619      0.5946108289      0.2477008596      0.0476138149      0.7027044245
  296      1.0000087917      0.5920947817      0.2485788682      0.0474127016      0.7039624296
  297      1.0000088215      0.5895894038      0.2494547561      0.0472124314      0.7052151023
  298      1.0000088513      0.5870946491      0.2503285190      0.0470130010      0.7064624654
  299      1.0000088811      0.5846104718      0.2512001528      0.0468144070      0.7077045418
  300      1.0000089109      0.5821368263      0.2520696532      0.0466166461      0.7089413541
  301      1.0000089407      0.5796736672      0.2529370165      0.0464197152      0.7101729251
  302      1.0000089705      0.5772209493      0.2538022387      0.0462236107      0.7113992772
  303      1.0000090003      0.5747786276      0.2546653162      0.0460283296      0.7126204328
  304      1.0000090301      0.5723466576      0.2555262453      0.0458338685      0.7138364142
  305      1.0000090599      0.5699249946      0.2563850227      0.0456402241      0.7150472435
  306      1.0000090897      0.5675135944      0.2572416449      0.0454473932      0.7162529429
  307      1.0000091196      0.5651124129      0.2580961086      0.0452553726      0.7174535343
  308      1.0000091494      0.5627214062      0.2589484109      0.0450641589      0.7186490396
  309      1.0000091792      0.5603405307      0.2597985487      0.0448737490      0.7198394806
  310      1.0000092090      0.5579697428      0.2606465190      0.0446841396      0.7210248789
  311      1.0000092388      0.5556089994      0.2614923191      0.0444953275      0.7222052561
  312      1.0000092686      0.5532582575      0.2623359464      0.0443073095      0.7233806337
  313      1.0000092984      0.5509174741      0.2631773981      0.0441200824      0.7245510331
  314      1.0000093282      0.5485866066      0.2640166720      0.0439336430      0.7257164755
  315      1.0000093580      0.5462656126      0.2648537656      0.0437479881      0.7268769821
  316      1.0000093878      0.5439544498      0.2656886767      0.0435631146      0.7280325740
  317      1.0000094176      0.5416530762      0.2665214031      0.0433790192      0.7291832722
  318      1.0000094474      0.5393614499      0.2673519428      0.0431956988      0.7303290975
  319      1.0000094772      0.5370795293      0.2681802938      0.0430131502      0.7314700708
  320      1.0000095070      0.5348072729      0.2690064543      0.0428313704      0.7326062128
  321      1.0000095368      0.5325446393      0.2698304226      0.0426503561      0.7337375440
  322      1.0000095666      0.5302915876      0.2706521969      0.0424701044      0.7348640850
  323      1.0000095964      0.5280480768      0.2714717758      0.0422906119      0.7359858562
  324      1.0000096262      0.5258140662      0.2722891579      0.0421118757      0.7371028780
  325      1.0000096560      0.5235895153      0.2731043416      0.0419338926      0.7382151705
  326      1.0000096858      0.5213743836      0.2739173258      0.0417566597      0.7393227539
  327      1.0000097156      0.5191686311      0.2747281093      0.0415801737      0.7404256483
  328      1.0000097454      0.5169722178      0.2755366911      0.0414044316      0.7415238737
  329      1.0000097752      0.5147851037      0.2763430700      0.0412294304      0.7426174498
  330      1.0000098050      0.5126072495      0.2771472453      0.0410551670      0.7437063966
  331      1.0000098348      0.5104386155      0.2779492161      0.0408816384      0.7447907337
  332      1.0000098646      0.5082791624      0.2787489816      0.0407088416      0.7458704808
  333      1.0000098944      0.5061288513      0.2795465413      0.0405367735      0.7469456573
  334      1.0000099242      0.5039876432      0.2803418946      0.0403654312      0.7480162827
  335      1.0000099540      0.5018554994      0.2811350409      0.0401948116      0.7490823764
  336      1.0000099838      0.4997323811      0.2819259800      0.0400249118      0.7501439576
  337      1.0000100136      0.4976182502      0.2827147115      0.0398557288      0.7512010455
  338      1.0000100434      0.4955130683      0.2835012352      0.0396872596      0.7522536592
  339      1.0000100732      0.4934167973      0.2842855510      0.0395195013      0.7533018178
  340      1.0000101030      0.4913293994      0.2850676587      0.0393524509      0.7543455401
  341      1.0000101328      0.4892508368      0.2858475584      0.0391861055      0.7553848451
  342      1.0000101626      0.4871810720      0.2866252502      0.0390204622      0.7564197514
  343      1.0000101924      0.4851200676      0.2874007342      0.0388555181      0.7574502778
  344      1.0000102222      0.4830677864      0.2881740107      0.0386912702      0.7584764429
  345      1.0000102521      0.4810241912      0.2889450801      0.0385277157      0.7594982652
  346      1.0000102819      0.4789892452      0.2897139426      0.0383648517      0.7605157631
  347      1.0000103117      0.4769629116      0.2904805988      0.0382026753      0.7615289550
  348      1.0000103415      0.4749451539      0.2912450491      0.0380411837      0.7625378593
  349      1.0000103713      0.4729359356      0.2920072943      0.0378803740      0.7635424940
  350      1.0000104011      0.4709352205      0.2927673350      0.0377202433      0.7645428773
  351      1.0000104309      0.4689429725      0.2935251718      0.0375607889      0.7655390272
  352      1.0000104607      0.4669591555      0.2942808058      0.0374020079      0.7665309618
  353      1.0000104905      0.4649837339      0.2950342376      0.0372438976      0.7675186989
  354      1.0000105203      0.4630166720      0.2957854683      0.0370864551      0.7685022562
  355      1.0000105501      0.4610579343      0.2965344989      0.0369296776      0.7694816517
  356      1.0000105799      0.4591074855      0.2972813304      0.0367735623      0.7704569028
  357      1.0000106097      0.4571652904      0.2980259640      0.0366181066      0.7714280272
  358      1.0000106395      0.4552313140      0.2987684010      0.0364633076      0.7723950424
  359      1.0000106693      0.4533055214      0.2995086425      0.0363091626      0.7733579658
  360      1.0000106991      0.4513878779      0.3002466899      0.0361556688      0.7743168148
  361      1.0000107289      0.4494783490      0.3009825446      0.0360028236      0.7752716066
  362      1.0000107587      0.4475769002      0.3017162081      0.0358506242      0.7762223585
  363      1.0000107885      0.4456834973      0.3024476818      0.0356990680      0.7771690875
  364      1.0000108183      0.4437981061      0.3031769673      0.0355481521      0.7781118108
  365      1.0000108481      0.4419206927      0.3039040663      0.0353978740      0.7790505452
  366      1.0000108779      0.4400512232      0.3046289804      0.0352482310      0.7799853078
  367      1.0000109077      0.4381896640      0.3053517114      0.0350992204      0.7809161153
  368      1.0000109375      0.4363359815      0.3060722611      0.0349508396      0.7818429846
  369      1.0000109673      0.4344901424      0.3067906313      0.0348030859      0.7827659323
  370      1.0000109971      0.4326521134      0.3075068239      0.0346559567      0.7836849750
  371      1.0000110269      0.4308218614      0.3082208409      0.0345094494      0.7846001292
  372      1.0000110567      0.4289993534      0.3089326842      0.0343635613      0.7855114116
  373      1.0000110865      0.4271845566      0.3096423561      0.0342182899      0.7864188384
  374      1.0000111163      0.4253774383      0.3103498584      0.0340736326      0.7873224259
  375      1.0000111461      0.4235779661      0.3110551935      0.0339295868      0.7882221906
  376      1.0000111759      0.4217861074      0.3117583636      0.0337861499      0.7891181485
  377      1.0000112057      0.4200018301      0.3124593708      0.0336433194      0.7900103158
  378      1.0000112355      0.4182251020      0.3131582175      0.0335010927      0.7908987085
  379      1.0000112653      0.4164558911      0.3138549061      0.0333594673      0.7917833427
  380      1.0000112951      0.4146941656      0.3145494390      0.0332184407      0.7926642342
  381      1.0000113249      0.4129398938      0.3152418186      0.0330780103      0.7935413989
  382      1.0000113547      0.4111930441      0.3159320474      0.0329381737      0.7944148526
  383      1.0000113846      0.4094535851      0.3166201279      0.0327989283      0.7952846111
  384      1.0000114144      0.4077214854      0.3173060628      0.0326602717      0.7961506898
  385      1.0000114442      0.4059967139      0.3179898546      0.0325222013      0.7970131046
  386      1.0000114740      0.4042792395      0.3186715061      0.0323847148      0.7978718708
  387      1.0000115038      0.4025690315      0.3193510199      0.0322478096      0.7987270039
  388      1.0000115336      0.4008660588      0.3200283988      0.0321114833      0.7995785193
  389      1.0000115634      0.3991702911      0.3207036457      0.0319757335      0.8004264323
  390      1.0000115932      0.3974816976      0.3213767632      0.0318405578      0.8012707582
  391      1.0000116230      0.3958002481      0.3220477544      0.0317059536      0.8021115121
  392      1.0000116528      0.3941259123      0.3227166221      0.0315719187      0.8029487092
  393      1.0000116826      0.3924586600      0.3233833693      0.0314384507      0.8037823646
  394      1.0000117124      0.3907984613      0.3240479990      0.0313055470      0.8046124932
  395      1.0000117422      0.3891452863      0.3247105142      0.0311732054      0.8054391100
  396      1.0000117720      0.3874991053      0.3253709179      0.0310414235      0.8062622298
  397      1.0000118018      0.3858598887      0.3260292134      0.0309101990      0.8070818675
  398      1.0000118316      0.3842276070      0.3266854037      0.0307795294      0.8078980377
  399      1.0000118614      0.3826022307      0.3273394919      0.0306494125      0.8087107552
  400      1.0000118912      0.3809837308      0.3279914814      0.0305198459      0.8095200346
  401      1.0000119210      0.3793720780      0.3286413753      0.0303908272      0.8103258904
  402      1.0000119508      0.3777672434      0.3292891770      0.0302623543      0.8111283371
  403      1.0000119806      0.3761691981      0.3299348897      0.0301344247      0.8119273892
  404      1.0000120104      0.3745779134      0.3305785168      0.0300070363      0.8127230610
  405      1.0000120402      0.3729933607      0.3312200616      0.0298801866      0.8135153668
  406      1.0000120700      0.3714155114      0.3318595276      0.0297538735      0.8143043209
  407      1.0000120998      0.3698443373      0.3324969183      0.0296280947      0.8150899375
  408      1.0000121296      0.3682798099      0.3331322370      0.0295028478      0.8158722307
  409      1.0000121594      0.3667219013      0.3337654872      0.0293781308      0.8166512145
  410      1.0000121892      0.3651705834      0.3343966726      0.0292539413      0.8174269030
  411      1.0000122190      0.3636258283      0.3350257967      0.0291302771      0.8181993101
  412      1.0000122488      0.3620876082      0.3356528629      0.0290071360      0.8189684498
  413      1.0000122786      0.3605558955      0.3362778751      0.0288845158      0.8197343357
  414      1.0000123084      0.3590306626      0.3369008367      0.0287624143      0.8204969817
  415      1.0000123382      0.3575118821      0.3375217515      0.0286408293      0.8212564016
  416      1.0000123680      0.3559995266      0.3381406232      0.0285197586      0.8220126089
  417      1.0000123978      0.3544935691      0.3387574555      0.0283992001      0.8227656173
  418      1.0000124276      0.3529939824      0.3393722521      0.0282791515      0.8235154403
  419      1.0000124574      0.3515007396      0.3399850168      0.0281596108      0.8242620913
  420      1.0000124873      0.3500138137      0.3405957534      0.0280405758      0.8250055839
  421      1.0000125171      0.3485331782      0.3412044658      0.0279220443      0.8257459313
  422      1.0000125469      0.3470588063      0.3418111577      0.0278040143      0.8264831469
  423      1.0000125767      0.3455906716      0.3424158330      0.0276864836      0.8272172439
  424      1.0000126065      0.3441287476      0.3430184957      0.0275694501      0.8279482356
  425      1.0000126363      0.3426730081      0.3436191496      0.0274529117      0.8286761350
  426      1.0000126661      0.3412234269      0.3442177987      0.0273368663      0.8294009552
  427      1.0000126959      0.3397799780      0.3448144470      0.0272213118      0.8301227094
  428      1.0000127257      0.3383426354      0.3454090983      0.0271062462      0.8308414104
  429      1.0000127555      0.3369113732      0.3460017568      0.0269916674      0.8315570712
  430      1.0000127853      0.3354861658      0.3465924265      0.0268775733      0.8322697046
  431      1.0000128151      0.3340669874      0.3471811113      0.0267639619      0.8329793235
  432      1.0000128449      0.3326538127      0.3477678153      0.0266508312      0.8336859405
  433      1.0000128747      0.3312466162      0.3483525427      0.0265381790      0.8343895685
  434      1.0000129045      0.3298453726      0.3489352976      0.0264260035      0.8350902200
  435      1.0000129343      0.3284500566      0.3495160839      0.0263143026      0.8357879077
  436      1.0000129641      0.3270606434      0.3500949060      0.0262030742      0.8364826441
  437      1.0000129939      0.3256771077      0.3506717678      0.0260923164      0.8371744416
  438      1.0000130237      0.3242994249      0.3512466737      0.0259820272      0.8378633128
  439      1.0000130535      0.3229275701      0.3518196278      0.0258722047      0.8385492699
  440      1.0000130833      0.3215615186      0.3523906343      0.0257628467      0.8392323254
  441      1.0000131131      0.3202012460      0.3529596974      0.0256539515      0.8399124914
  442      1.0000131429      0.3188467277      0.3535268213      0.0255455169      0.8405897803
  443      1.0000131727      0.3174979394      0.3540920104      0.0254375412      0.8412642042
  444      1.0000132025      0.3161548569      0.3546552689      0.0253300222      0.8419357752
  445      1.0000132323      0.3148174560      0.3552166010      0.0252229582      0.8426045054
  446      1.0000132621      0.3134857128      0.3557760111      0.0251163472      0.8432704068
  447      1.0000132919      0.3121596031      0.3563335034      0.0250101872      0.8439334914
  448      1.0000133217      0.3108391033      0.3568890824      0.0249044764      0.8445937710
  449      1.0000133515      0.3095241896      0.3574427523      0.0247992128      0.8452512577
  450      1.0000133813      0.3082148383      0.3579945175      0.0246943946      0.8459059631
  451      1.0000134111      0.3069110259      0.3585443823      0.0245900199      0.8465578990
  452      1.0000134409      0.3056127290      0.3590923512      0.0244860869      0.8472070773
  453      1.0000134707      0.3043199242      0.3596384286      0.0243825935      0.8478535094
  454      1.0000135005      0.3030325884      0.3601826188      0.0242795381      0.8484972071
  455      1.0000135303      0.3017506983      0.3607249262      0.0241769187      0.8491381819
  456      1.0000135601      0.3004742309      0.3612653553      0.0240747335      0.8497764453
  457      1.0000135900      0.2992031634      0.3618039105      0.0239729806      0.8504120089
  458      1.0000136198      0.2979374728      0.3623405963      0.0238716583      0.8510448840
  459      1.0000136496      0.2966771364      0.3628754171      0.0237707647      0.8516750820
  460      1.0000136794      0.2954221315      0.3634083774      0.0236702980      0.8523026142
  461      1.0000137092      0.2941724356      0.3639394817      0.0235702564      0.8529274919
  462      1.0000137390      0.2929280262      0.3644687345      0.0234706380      0.8535497264
  463      1.0000137688      0.2916888810      0.3649961402      0.0233714412      0.8541693287
  464      1.0000137986      0.2904549777      0.3655217033      0.0232726641      0.8547863102
  465      1.0000138284      0.2892262941      0.3660454285      0.0231743050      0.8554006817
  466      1.0000138582      0.2880028082      0.3665673201      0.0230763620      0.8560124545
  467      1.0000138880      0.2867844979      0.3670873828      0.0229788335      0.8566216395
  468      1.0000139178      0.2855713413      0.3676056211      0.0228817176      0.8572282475
  469      1.0000139476      0.2843633167      0.3681220395      0.0227850127      0.8578322896
  470      1.0000139774      0.2831604023      0.3686366426      0.0226887169      0.8584337766
  471      1.0000140072      0.2819625765      0.3691494350      0.0225928286      0.8590327193
  472      1.0000140370      0.2807698178      0.3696604211      0.0224973460      0.8596291284
  473      1.0000140668      0.2795821047      0.3701696057      0.0224022675      0.8602230147
  474      1.0000140966      0.2783994160      0.3706769932      0.0223075912      0.8608143889
  475      1.0000141264      0.2772217303      0.3711825884      0.0222133156      0.8614032615
  476      1.0000141562      0.2760490265      0.3716863956      0.0221194389      0.8619896432
  477      1.0000141860      0.2748812835      0.3721884197      0.0220259594      0.8625735445
  478      1.0000142158      0.2737184803      0.3726886651      0.0219328755      0.8631549759
  479      1.0000142456      0.2725605961      0.3731871365      0.0218401854      0.8637339478
  480      1.0000142754      0.2714076099      0.3736838386      0.0217478876      0.8643104707
