# time   trace   domains   purity   coherence  equireached
    1      1.0000000000      6.5454545455      0.0010822511      0.0000000000      0.0000000000
    2      1.0000000298      6.0000001788      0.0004673357      0.5454545915      0.0000000000
    3      1.0000000596      5.5454548760      0.0004111820      0.6744228992      0.0000000000
    4      1.0000000894      5.1624583740      0.0004353933      0.6769181393      0.0000000000
    5      1.0000001192      4.8364027932      0.0004949214      0.6382302137      0.0000000000
    6      1.0000001490      4.5561247086      0.0005795467      0.5594951798      0.0000000000
    7      1.0000001788      4.3129990124      0.0006856437      0.4872895231      0.0000676407
    8      1.0000002086      4.1002972410      0.0008112929      0.4279830673      0.0003181446
    9      1.0000002384      3.9127247994      0.0009550159      0.3796243682      0.0008648210
   10      1.0000002682      3.7460819872      0.0011154247      0.3430970176      0.0017894502
   11      1.0000002980      3.5970123867      0.0012912320      0.3163479332      0.0031372467
   12      1.0000003278      3.4628139803      0.0014813843      0.2962800120      0.0049236792
   13      1.0000003576      3.3412960038      0.0016851858      0.2809567989      0.0071434348
   14      1.0000003874      3.2306696008      0.0019023612      0.2686119509      0.0097779678
   15      1.0000004172      3.1294637465      0.0021330554      0.2591078523      0.0128010866
   16      1.0000004470      3.0364602381      0.0023777906      0.2508571455      0.0161828121
   17      1.0000004768      2.9506431795      0.0026373986      0.2435763889      0.0198918855
   18      1.0000005066      2.8711595452      0.0029129458      0.2372368016      0.0238973180
   19      1.0000005364      2.7972882526      0.0032056585      0.2313630797      0.0281693050
   20      1.0000005662      2.7284157902      0.0035168565      0.2258663368      0.0326797326
   21      1.0000005960      2.6640169137      0.0038478956      0.2205927836      0.0374024218
   22      1.0000006258      2.6036392742      0.0042001202      0.2155308399      0.0423132083
   23      1.0000006557      2.5468911062      0.0045748267      0.2106707279      0.0473899229
   24      1.0000006855      2.4934313077      0.0049732347      0.2059447199      0.0526123151
   25      1.0000007153      2.4429613979      0.0053964675      0.2013273573      0.0579619439
   26      1.0000007451      2.3952189566      0.0058455377      0.1968365746      0.0634220550
   27      1.0000007749      2.3499722399      0.0063213394      0.1924359165      0.0689774512
   28      1.0000008047      2.3070157333      0.0068246444      0.1881579138      0.0746143654
   29      1.0000008345      2.2661664593      0.0073561014      0.1840075029      0.0803203367
   30      1.0000008643      2.2272608931      0.0079162385      0.1799780642      0.0860840946
   31      1.0000008941      2.1901523741      0.0085054671      0.1760814783      0.0918954505
   32      1.0000009239      2.1547089206      0.0091240877      0.1723228542      0.0977451973
   33      1.0000009537      2.1208113795      0.0097722962      0.1687122847      0.1036250180
   34      1.0000009835      2.0883518494      0.0104501908      0.1652460587      0.1095274020
   35      1.0000010133      2.0572323342      0.0111577799      0.1619223945      0.1154455689
   36      1.0000010431      2.0273635869      0.0118949892      0.1587358860      0.1213734003
   37      1.0000010729      1.9986641147      0.0126616694      0.1556822046      0.1273053772
   38      1.0000011027      1.9710593189      0.0134576032      0.1527593935      0.1332365243
   39      1.0000011325      1.9444807501      0.0142825128      0.1499637595      0.1391623592
   40      1.0000011623      1.9188654595      0.0151360665      0.1472908091      0.1450788476
   41      1.0000011921      1.8941554345      0.0160178849      0.1447364456      0.1509823612
   42      1.0000012219      1.8702971038      0.0169275470      0.1422963278      0.1568696418
   43      1.0000012517      1.8472409046      0.0178645962      0.1399644248      0.1627377670
   44      1.0000012815      1.8249409011      0.0188285449      0.1377364519      0.1685841204
   45      1.0000013113      1.8033544483      0.0198188797      0.1356086704      0.1744063643
   46      1.0000013411      1.7824418949      0.0208350658      0.1335775664      0.1802024146
   47      1.0000013709      1.7621663195      0.0218765508      0.1316358183      0.1859704185
   48      1.0000014007      1.7424932966      0.0229427687      0.1297789854      0.1917087341
   49      1.0000014305      1.7233906872      0.0240331431      0.1280025420      0.1974159115
   50      1.0000014603      1.7048284525      0.0251470900      0.1263021918      0.2030906760
   51      1.0000014901      1.6867784863      0.0262840208      0.1246738237      0.2087319124
   52      1.0000015199      1.6692144646      0.0274433444      0.1231134161      0.2143386511
   53      1.0000015497      1.6521117098      0.0286244695      0.1216171161      0.2199100548
   54      1.0000015795      1.6354470687      0.0298268063      0.1201813215      0.2254454069
   55      1.0000016093      1.6191988009      0.0310497684      0.1188058083      0.2309441004
   56      1.0000016391      1.6033464781      0.0322927739      0.1174838834      0.2364056279
   57      1.0000016689      1.5878708927      0.0335552467      0.1162119531      0.2418295726
   58      1.0000016987      1.5727539736      0.0348366176      0.1149869322      0.2472155999
   59      1.0000017285      1.5579787092      0.0361363253      0.1138058356      0.2525634494
   60      1.0000017583      1.5435290778      0.0374538169      0.1126658525      0.2578729283
   61      1.0000017881      1.5293899824      0.0387885485      0.1115643421      0.2631439044
   62      1.0000018179      1.5155471911      0.0401399859      0.1104988201      0.2683763004
   63      1.0000018477      1.5019872823      0.0415076048      0.1094694981      0.2735700886
   64      1.0000018775      1.4886975938      0.0428908911      0.1084742791      0.2787252855
   65      1.0000019074      1.4756661755      0.0442893411      0.1075085229      0.2838419476
   66      1.0000019372      1.4628817459      0.0457024617      0.1065711455      0.2889201669
   67      1.0000019670      1.4503336514      0.0471297706      0.1056591929      0.2939600673
   68      1.0000019968      1.4380118284      0.0485707959      0.1047709832      0.2989618007
   69      1.0000020266      1.4259067681      0.0500250764      0.1039049517      0.3039255443
   70      1.0000020564      1.4140094835      0.0514921615      0.1030596682      0.3088514975
   71      1.0000020862      1.4023114787      0.0529716109      0.1022337268      0.3137398787
   72      1.0000021160      1.3908047202      0.0544629947      0.1014258631      0.3185909238
   73      1.0000021458      1.3794816102      0.0559658930      0.1006349018      0.3234048832
   74      1.0000021756      1.3683349606      0.0574798961      0.0998600876      0.3281820200
   75      1.0000022054      1.3573579705      0.0590046038      0.0991014229      0.3329226086
   76      1.0000022352      1.3465442028      0.0605396256      0.0983591590      0.3376269322
   77      1.0000022650      1.3358875643      0.0620845801      0.0976302182      0.3422952821
   78      1.0000022948      1.3253822856      0.0636390954      0.0969134874      0.3469279560
   79      1.0000023246      1.3150229030      0.0652028080      0.0962080964      0.3515252564
   80      1.0000023544      1.3048042410      0.0667753634      0.0955134029      0.3560874903
   81      1.0000023842      1.2947213958      0.0683564154      0.0948305271      0.3606149676
   82      1.0000024140      1.2847697204      0.0699456259      0.0941579006      0.3651080004
   83      1.0000024438      1.2749448101      0.0715426648      0.0934942945      0.3695669020
   84      1.0000024736      1.2652424884      0.0731472097      0.0928395717      0.3739919867
   85      1.0000025034      1.2556587948      0.0747589457      0.0921932881      0.3783835685
   86      1.0000025332      1.2461899723      0.0763775652      0.0915545660      0.3827419610
   87      1.0000025630      1.2368324564      0.0780027676      0.0909229899      0.3870674768
   88      1.0000025928      1.2275828639      0.0796342591      0.0902987645      0.3913604268
   89      1.0000026226      1.2184379831      0.0812717528      0.0896809057      0.3956211203
   90      1.0000026524      1.2093947641      0.0829149680      0.0890691092      0.3998498642
   91      1.0000026822      1.2004503100      0.0845636302      0.0884629496      0.4040469629
   92      1.0000027120      1.1916018681      0.0862174713      0.0878621883      0.4082127181
   93      1.0000027418      1.1828468222      0.0878762288      0.0872666073      0.4123474285
   94      1.0000027716      1.1741826846      0.0895396461      0.0866760077      0.4164513896
   95      1.0000028014      1.1656070896      0.0912074720      0.0860902077      0.4205248936
   96      1.0000028312      1.1571177862      0.0928794609      0.0855090417      0.4245682293
   97      1.0000028610      1.1487126320      0.0945553722      0.0849323586      0.4285816818
   98      1.0000028908      1.1403895871      0.0962349707      0.0843600209      0.4325655326
   99      1.0000029206      1.1321467086      0.0979180259      0.0837919030      0.4365200597
  100      1.0000029504      1.1239821450      0.0996043124      0.0832278907      0.4404455372
  101      1.0000029802      1.1158941315      0.1012936092      0.0826678799      0.4443422353
  102      1.0000030100      1.1078809848      0.1029857000      0.0821118046      0.4482104207
  103      1.0000030398      1.0999410992      0.1046803731      0.0815595661      0.4520503561
  104      1.0000030696      1.0920729416      0.1063774210      0.0810110725      0.4558623005
  105      1.0000030994      1.0842750482      0.1080766405      0.0804662642      0.4596465091
  106      1.0000031292      1.0765460203      0.1097778325      0.0799250636      0.4634032334
  107      1.0000031591      1.0688845209      0.1114808019      0.0793874052      0.4671327212
  108      1.0000031889      1.0612892712      0.1131853576      0.0788532351      0.4708352166
  109      1.0000032187      1.0537590478      0.1148913124      0.0783225052      0.4745109601
  110      1.0000032485      1.0462926790      0.1165984827      0.0777951706      0.4781601886
  111      1.0000032783      1.0388890426      0.1183066888      0.0772711887      0.4817831355
  112      1.0000033081      1.0315470631      0.1200157544      0.0767505219      0.4853800308
  113      1.0000033379      1.0242657089      0.1217255069      0.0762331361      0.4889511010
  114      1.0000033677      1.0170439902      0.1234357770      0.0757189992      0.4924965694
  115      1.0000033975      1.0098809566      0.1251463988      0.0752080820      0.4960166559
  116      1.0000034273      1.0027756949      0.1268572098      0.0747003577      0.4995115773
  117      1.0000034571      0.9957273276      0.1285680507      0.0741958012      0.5029815471
  118      1.0000034869      0.9887350103      0.1302787653      0.0736943896      0.5064267758
  119      1.0000035167      0.9817979303      0.1319892006      0.0731961012      0.5098474710
  120      1.0000035465      0.9749153049      0.1336992068      0.0727009160      0.5132438372
  121      1.0000035763      0.9680863798      0.1354086368      0.0722088150      0.5166160762
  122      1.0000036061      0.9613104275      0.1371173466      0.0717197806      0.5199643868
  123      1.0000036359      0.9545867460      0.1388251953      0.0712337958      0.5232889652
  124      1.0000036657      0.9479146574      0.1405320445      0.0707508448      0.5265900048
  125      1.0000036955      0.9412935067      0.1422377588      0.0702709122      0.5298676965
  126      1.0000037253      0.9347226603      0.1439422055      0.0697939834      0.5331222285
  127      1.0000037551      0.9282015055      0.1456452546      0.0693200444      0.5363537868
  128      1.0000037849      0.9217294488      0.1473467788      0.0688490814      0.5395625546
  129      1.0000038147      0.9153059153      0.1490466534      0.0683810812      0.5427487130
  130      1.0000038445      0.9089303475      0.1507447562      0.0679160309      0.5459124406
  131      1.0000038743      0.9026022046      0.1524409676      0.0674539177      0.5490539140
  132      1.0000039041      0.8963209616      0.1541351705      0.0669947292      0.5521733073
  133      1.0000039339      0.8900861084      0.1558272503      0.0665384530      0.5552707926
  134      1.0000039637      0.8838971493      0.1575170946      0.0660850770      0.5583465400
  135      1.0000039935      0.8777536018      0.1592045936      0.0656345890      0.5614007174
  136      1.0000040233      0.8716549965      0.1608896397      0.0651869770      0.5644334907
  137      1.0000040531      0.8656008761      0.1625721277      0.0647422289      0.5674450241
  138      1.0000040829      0.8595907952      0.1642519546      0.0643003328      0.5704354796
  139      1.0000041127      0.8536243189      0.1659290196      0.0638612765      0.5734050175
  140      1.0000041425      0.8477010234      0.1676032243      0.0634250481      0.5763537962
  141      1.0000041723      0.8418204946      0.1692744722      0.0629916363      0.5792819725
  142      1.0000042021      0.8359823278      0.1709426690      0.0625610279      0.5821897014
  143      1.0000042319      0.8301861279      0.1726077227      0.0621332108      0.5850771361
  144      1.0000042617      0.8244315079      0.1742695431      0.0617081725      0.5879444282
  145      1.0000042915      0.8187180895      0.1759280421      0.0612859008      0.5907917279
  146      1.0000043213      0.8130455019      0.1775831339      0.0608663831      0.5936191836
  147      1.0000043511      0.8074133823      0.1792347341      0.0604496069      0.5964269421
  148      1.0000043810      0.8018213747      0.1808827609      0.0600355594      0.5992151491
  149      1.0000044108      0.7962691301      0.1825271339      0.0596242288      0.6019839483
  150      1.0000044406      0.7907563062      0.1841677749      0.0592156045      0.6047334823
  151      1.0000044704      0.7852825667      0.1858046074      0.0588096701      0.6074638923
  152      1.0000045002      0.7798475817      0.1874375568      0.0584064125      0.6101753180
  153      1.0000045300      0.7744510267      0.1890665502      0.0580058186      0.6128678977
  154      1.0000045598      0.7690925830      0.1906915167      0.0576078751      0.6155417685
  155      1.0000045896      0.7637719371      0.1923123870      0.0572125687      0.6181970663
  156      1.0000046194      0.7584887805      0.1939290936      0.0568198861      0.6208339253
  157      1.0000046492      0.7532428096      0.1955415704      0.0564298136      0.6234524790
  158      1.0000046790      0.7480337257      0.1971497535      0.0560423377      0.6260528593
  159      1.0000047088      0.7428612344      0.1987535803      0.0556574448      0.6286351971
  160      1.0000047386      0.7377250456      0.2003529897      0.0552751212      0.6311996220
  161      1.0000047684      0.7326248735      0.2019479227      0.0548953531      0.6337462625
  162      1.0000047982      0.7275604362      0.2035383213      0.0545181266      0.6362752460
  163      1.0000048280      0.7225314559      0.2051241294      0.0541434278      0.6387866987
  164      1.0000048578      0.7175376584      0.2067052923      0.0537712429      0.6412807457
  165      1.0000048876      0.7125787728      0.2082817570      0.0534015577      0.6437575111
  166      1.0000049174      0.7076545323      0.2098534716      0.0530343582      0.6462171179
  167      1.0000049472      0.7027646729      0.2114203860      0.0526696304      0.6486596881
  168      1.0000049770      0.6979089342      0.2129824514      0.0523073602      0.6510853426
  169      1.0000050068      0.6930870587      0.2145396203      0.0519475334      0.6534942014
  170      1.0000050366      0.6882987922      0.2160918468      0.0515901359      0.6558863834
  171      1.0000050664      0.6835438833      0.2176390862      0.0512351535      0.6582620065
  172      1.0000050962      0.6788220834      0.2191812953      0.0508825719      0.6606211877
  173      1.0000051260      0.6741331468      0.2207184320      0.0505323770      0.6629640432
  174      1.0000051558      0.6694768306      0.2222504557      0.0501845546      0.6652906879
  175      1.0000051856      0.6648528942      0.2237773270      0.0498390904      0.6676012361
  176      1.0000052154      0.6602610998      0.2252990078      0.0494959703      0.6698958011
  177      1.0000052452      0.6557012121      0.2268154611      0.0491551800      0.6721744953
  178      1.0000052750      0.6511729980      0.2283266513      0.0488167052      0.6744374300
  179      1.0000053048      0.6466762269      0.2298325439      0.0484805320      0.6766847161
  180      1.0000053346      0.6422106706      0.2313331056      0.0481466459      0.6789164631
  181      1.0000053644      0.6377761028      0.2328283042      0.0478150330      0.6811327801
  182      1.0000053942      0.6333722997      0.2343181088      0.0474856790      0.6833337751
  183      1.0000054240      0.6289990395      0.2358024894      0.0471585699      0.6855195553
  184      1.0000054538      0.6246561026      0.2372814173      0.0468336916      0.6876902271
  185      1.0000054836      0.6203432711      0.2387548647      0.0465110300      0.6898458963
  186      1.0000055134      0.6160603296      0.2402228050      0.0461905710      0.6919866675
  187      1.0000055432      0.6118070641      0.2416852126      0.0458723008      0.6941126447
  188      1.0000055730      0.6075832630      0.2431420630      0.0455562054      0.6962239314
  189      1.0000056029      0.6033887163      0.2445933325      0.0452422708      0.6983206297
  190      1.0000056327      0.5992232158      0.2460389986      0.0449304833      0.7004028416
  191      1.0000056625      0.5950865554      0.2474790398      0.0446208289      0.7024706679
  192      1.0000056923      0.5909785303      0.2489134353      0.0443132940      0.7045242088
  193      1.0000057221      0.5868989378      0.2503421655      0.0440078647      0.7065635637
  194      1.0000057519      0.5828475769      0.2517652116      0.0437045275      0.7085888314
  195      1.0000057817      0.5788242480      0.2531825558      0.0434032687      0.7106001099
  196      1.0000058115      0.5748287533      0.2545941810      0.0431040748      0.7125974964
  197      1.0000058413      0.5708608968      0.2560000713      0.0428069321      0.7145810875
  198      1.0000058711      0.5669204838      0.2574002113      0.0425118274      0.7165509790
  199      1.0000059009      0.5630073213      0.2587945866      0.0422187471      0.7185072662
  200      1.0000059307      0.5591212179      0.2601831838      0.0419276780      0.7204500434
  201      1.0000059605      0.5552619836      0.2615659900      0.0416386068      0.7223794046
  202      1.0000059903      0.5514294299      0.2629429933      0.0413515202      0.7242954427
  203      1.0000060201      0.5476233699      0.2643141826      0.0410664051      0.7261982502
  204      1.0000060499      0.5438436180      0.2656795474      0.0407832484      0.7280879189
  205      1.0000060797      0.5400899903      0.2670390782      0.0405020371      0.7299645399
  206      1.0000061095      0.5363623039      0.2683927660      0.0402227582      0.7318282037
  207      1.0000061393      0.5326603778      0.2697406026      0.0399453989      0.7336790000
  208      1.0000061691      0.5289840319      0.2710825807      0.0396699462      0.7355170182
  209      1.0000061989      0.5253330879      0.2724186934      0.0393963875      0.7373423465
  210      1.0000062287      0.5217073684      0.2737489347      0.0391247101      0.7391550731
  211      1.0000062585      0.5181066977      0.2750732992      0.0388549013      0.7409552852
  212      1.0000062883      0.5145309013      0.2763917822      0.0385869485      0.7427430694
  213      1.0000063181      0.5109798060      0.2777043796      0.0383208393      0.7445185118
  214      1.0000063479      0.5074532397      0.2790110879      0.0380565613      0.7462816977
  215      1.0000063777      0.5039510320      0.2803119044      0.0377941021      0.7480327122
  216      1.0000064075      0.5004730133      0.2816068267      0.0375334494      0.7497716393
  217      1.0000064373      0.4970190155      0.2828958534      0.0372745911      0.7514985627
  218      1.0000064671      0.4935888717      0.2841789834      0.0370175149      0.7532135656
  219      1.0000064969      0.4901824163      0.2854562161      0.0367622089      0.7549167302
  220      1.0000065267      0.4867994846      0.2867275518      0.0365086610      0.7566081386
  221      1.0000065565      0.4834399135      0.2879929912      0.0362568593      0.7582878720
  222      1.0000065863      0.4801035407      0.2892525353      0.0360067920      0.7599560111
  223      1.0000066161      0.4767902054      0.2905061860      0.0357584473      0.7616126362
  224      1.0000066459      0.4734997478      0.2917539455      0.0355118134      0.7632578269
  225      1.0000066757      0.4702320092      0.2929958166      0.0352668787      0.7648916621
  226      1.0000067055      0.4669868322      0.2942318025      0.0350236318      0.7665142204
  227      1.0000067353      0.4637640603      0.2954619070      0.0347820609      0.7681255798
  228      1.0000067651      0.4605635384      0.2966861344      0.0345421549      0.7697258176
  229      1.0000067950      0.4573851123      0.2979044893      0.0343039022      0.7713150107
  230      1.0000068248      0.4542286289      0.2991169768      0.0340672916      0.7728932355
  231      1.0000068546      0.4510939364      0.3003236027      0.0338323119      0.7744605676
  232      1.0000068844      0.4479808838      0.3015243729      0.0335989520      0.7760170825
  233      1.0000069142      0.4448893213      0.3027192938      0.0333672008      0.7775628548
  234      1.0000069440      0.4418191003      0.3039083725      0.0331370473      0.7790979587
  235      1.0000069738      0.4387700729      0.3050916162      0.0329084805      0.7806224680
  236      1.0000070036      0.4357420926      0.3062690326      0.0326814897      0.7821364558
  237      1.0000070334      0.4327350138      0.3074406297      0.0324560639      0.7836399949
  238      1.0000070632      0.4297486918      0.3086064162      0.0322321926      0.7851331573
  239      1.0000070930      0.4267829832      0.3097664007      0.0320098650      0.7866160148
  240      1.0000071228      0.4238377453      0.3109205927      0.0317890706      0.7880886385
  241      1.0000071526      0.4209128366      0.3120690015      0.0315697989      0.7895510991
  242      1.0000071824      0.4180081166      0.3132116372      0.0313520394      0.7910034668
  243      1.0000072122      0.4151234456      0.3143485101      0.0311357817      0.7924458114
  244      1.0000072420      0.4122586852      0.3154796307      0.0309210156      0.7938782019
  245      1.0000072718      0.4094136975      0.3166050099      0.0307077308      0.7953007072
  246      1.0000073016      0.4065883461      0.3177246591      0.0304959171      0.7967133955
  247      1.0000073314      0.4037824952      0.3188385898      0.0302855645      0.7981163347
  248      1.0000073612      0.4009960099      0.3199468139      0.0300766629      0.7995095919
  249      1.0000073910      0.3982287566      0.3210493435      0.0298692023      0.8008932341
  250      1.0000074208      0.3954806023      0.3221461910      0.0296631728      0.8022673276
  251      1.0000074506      0.3927514151      0.3232373693      0.0294585647      0.8036319384
  252      1.0000074804      0.3900410639      0.3243228913      0.0292553681      0.8049871320
  253      1.0000075102      0.3873494187      0.3254027703      0.0290535732      0.8063329733
  254      1.0000075400      0.3846763501      0.3264770199      0.0288531706      0.8076695270
  255      1.0000075698      0.3820217299      0.3275456538      0.0286541506      0.8089968571
  256      1.0000075996      0.3793854307      0.3286086861      0.0284565037      0.8103150273
  257      1.0000076294      0.3767673258      0.3296661311      0.0282602204      0.8116241008
  258      1.0000076592      0.3741672897      0.3307180033      0.0280652914      0.8129241406
  259      1.0000076890      0.3715851976      0.3317643174      0.0278717073      0.8142152088
  260      1.0000077188      0.3690209256      0.3328050885      0.0276794589      0.8154973674
  261      1.0000077486      0.3664743505      0.3338403317      0.0274885370      0.8167706780
  262      1.0000077784      0.3639453502      0.3348700624      0.0272989325      0.8180352016
  263      1.0000078082      0.3614338033      0.3358942963      0.0271106363      0.8192909989
  264      1.0000078380      0.3589395894      0.3369130491      0.0269236393      0.8205381301
  265      1.0000078678      0.3564625886      0.3379263369      0.0267379327      0.8217766550
  266      1.0000078976      0.3540026823      0.3389341758      0.0265535075      0.8230066331
  267      1.0000079274      0.3515597523      0.3399365823      0.0263703550      0.8242281232
  268      1.0000079573      0.3491336815      0.3409335729      0.0261884663      0.8254411841
  269      1.0000079871      0.3467243534      0.3419251643      0.0260078327      0.8266458738
  270      1.0000080169      0.3443316525      0.3429113734      0.0258284457      0.8278422502
  271      1.0000080467      0.3419554640      0.3438922173      0.0256502965      0.8290303707
  272      1.0000080765      0.3395956739      0.3448677133      0.0254733768      0.8302102922
  273      1.0000081063      0.3372521690      0.3458378786      0.0252976779      0.8313820712
  274      1.0000081361      0.3349248368      0.3468027308      0.0251231915      0.8325457641
  275      1.0000081659      0.3326135657      0.3477622876      0.0249499093      0.8337014267
  276      1.0000081957      0.3303182449      0.3487165668      0.0247778229      0.8348491142
  277      1.0000082255      0.3280387643      0.3496655863      0.0246069241      0.8359888819
  278      1.0000082553      0.3257750144      0.3506093642      0.0244372047      0.8371207842
  279      1.0000082851      0.3235268868      0.3515479187      0.0242686566      0.8382448757
  280      1.0000083149      0.3212942736      0.3524812680      0.0241012716      0.8393612100
  281      1.0000083447      0.3190770677      0.3534094307      0.0239350419      0.8404698408
  282      1.0000083745      0.3168751627      0.3543324253      0.0237699593      0.8415708213
  283      1.0000084043      0.3146884531      0.3552502705      0.0236060161      0.8426642042
  284      1.0000084341      0.3125168340      0.3561629849      0.0234432043      0.8437500420
  285      1.0000084639      0.3103602011      0.3570705875      0.0232815162      0.8448283867
  286      1.0000084937      0.3082184511      0.3579730973      0.0231209440      0.8458992901
  287      1.0000085235      0.3060914813      0.3588705332      0.0229614799      0.8469628035
  288      1.0000085533      0.3039791896      0.3597629144      0.0228031165      0.8480189779
  289      1.0000085831      0.3018814748      0.3606502602      0.0226458460      0.8490678639
  290      1.0000086129      0.2997982361      0.3615325899      0.0224896609      0.8501095120
  291      1.0000086427      0.2977293738      0.3624099228      0.0223345538      0.8511439719
  292      1.0000086725      0.2956747885      0.3632822784      0.0221805172      0.8521712933
  293      1.0000087023      0.2936343819      0.3641496763      0.0220275437      0.8531915256
  294      1.0000087321      0.2916080559      0.3650121361      0.0218756260      0.8542047175
  295      1.0000087619      0.2895957134      0.3658696773      0.0217247568      0.8552109177
  296      1.0000087917      0.2875972579      0.3667223199      0.0215749289      0.8562101745
  297      1.0000088215      0.2856125936      0.3675700835      0.0214261351      0.8572025358
  298      1.0000088513      0.2836416253      0.3684129881      0.0212783682      0.8581880490
  299      1.0000088811      0.2816842585      0.3692510535      0.0211316213      0.8591667616
  300      1.0000089109      0.2797403992      0.3700842996      0.0209858871      0.8601387205
  301      1.0000089407      0.2778099544      0.3709127465      0.0208411589      0.8611039722
  302      1.0000089705      0.2758928313      0.3717364143      0.0206974295      0.8620625630
  303      1.0000090003      0.2739889381      0.3725553229      0.0205546922      0.8630145389
  304      1.0000090301      0.2720981834      0.3733694926      0.0204129400      0.8639599456
  305      1.0000090599      0.2702204767      0.3741789434      0.0202721663      0.8648988283
  306      1.0000090897      0.2683557277      0.3749836957      0.0201323641      0.8658312322
  307      1.0000091196      0.2665038472      0.3757837695      0.0199935269      0.8667572019
  308      1.0000091494      0.2646647463      0.3765791852      0.0198556480      0.8676767818
  309      1.0000091792      0.2628383368      0.3773699631      0.0197187207      0.8685900160
  310      1.0000092090      0.2610245311      0.3781561233      0.0195827386      0.8694969483
  311      1.0000092388      0.2592232422      0.3789376864      0.0194476950      0.8703976222
  312      1.0000092686      0.2574343839      0.3797146725      0.0193135835      0.8712920810
  313      1.0000092984      0.2556578702      0.3804871021      0.0191803976      0.8721803674
  314      1.0000093282      0.2538936159      0.3812549956      0.0190481311      0.8730625240
  315      1.0000093580      0.2521415366      0.3820183732      0.0189167775      0.8739385933
  316      1.0000093878      0.2504015481      0.3827772555      0.0187863305      0.8748086171
  317      1.0000094176      0.2486735671      0.3835316628      0.0186567840      0.8756726372
  318      1.0000094474      0.2469575106      0.3842816154      0.0185281315      0.8765306951
  319      1.0000094772      0.2452532964      0.3850271339      0.0184003671      0.8773828318
  320      1.0000095070      0.2435608427      0.3857682387      0.0182734846      0.8782290883
  321      1.0000095368      0.2418800684      0.3865049500      0.0181474779      0.8790695051
  322      1.0000095666      0.2402108929      0.3872372884      0.0180223409      0.8799041225
  323      1.0000095964      0.2385532361      0.3879652743      0.0178980676      0.8807329805
  324      1.0000096262      0.2369070185      0.3886889280      0.0177746521      0.8815561190
  325      1.0000096560      0.2352721613      0.3894082699      0.0176520885      0.8823735773
  326      1.0000096858      0.2336485860      0.3901233205      0.0175303709      0.8831853946
  327      1.0000097156      0.2320362147      0.3908341000      0.0174094935      0.8839916099
  328      1.0000097454      0.2304349702      0.3915406288      0.0172894504      0.8847922619
  329      1.0000097752      0.2288447756      0.3922429273      0.0171702359      0.8855873889
  330      1.0000098050      0.2272655548      0.3929410157      0.0170518442      0.8863770290
  331      1.0000098348      0.2256972318      0.3936349145      0.0169342698      0.8871612202
  332      1.0000098646      0.2241397317      0.3943246438      0.0168175069      0.8879400000
  333      1.0000098944      0.2225929796      0.3950102239      0.0167015500      0.8887134058
  334      1.0000099242      0.2210569014      0.3956916751      0.0165863935      0.8894814746
  335      1.0000099540      0.2195314235      0.3963690176      0.0164720319      0.8902442433
  336      1.0000099838      0.2180164726      0.3970422716      0.0163584596      0.8910017485
  337      1.0000100136      0.2165119762      0.3977114572      0.0162456713      0.8917540264
  338      1.0000100434      0.2150178621      0.3983765945      0.0161336616      0.8925011132
  339      1.0000100732      0.2135340586      0.3990377037      0.0160224250      0.8932430447
  340      1.0000101030      0.2120604946      0.3996948049      0.0159119562      0.8939798565
  341      1.0000101328      0.2105970995      0.4003479180      0.0158022500      0.8947115838
  342      1.0000101626      0.2091438030      0.4009970632      0.0156933010      0.8954382618
  343      1.0000101924      0.2077005355      0.4016422602      0.0155851041      0.8961599253
  344      1.0000102222      0.2062672278      0.4022835292      0.0154776540      0.8968766089
  345      1.0000102521      0.2048438111      0.4029208900      0.0153709456      0.8975883471
  346      1.0000102819      0.2034302172      0.4035543624      0.0152649738      0.8982951738
  347      1.0000103117      0.2020263782      0.4041839663      0.0151597335      0.8989971230
  348      1.0000103415      0.2006322269      0.4048097215      0.0150552196      0.8996942284
  349      1.0000103713      0.1992476965      0.4054316476      0.0149514272      0.9003865234
  350      1.0000104011      0.1978727205      0.4060497645      0.0148483513      0.9010740412
  351      1.0000104309      0.1965072329      0.4066640917      0.0147459868      0.9017568148
  352      1.0000104607      0.1951511684      0.4072746489      0.0146443290      0.9024348768
  353      1.0000104905      0.1938044619      0.4078814556      0.0145433729      0.9031082599
  354      1.0000105203      0.1924670487      0.4084845313      0.0144431136      0.9037769962
  355      1.0000105501      0.1911388649      0.4090838955      0.0143435465      0.9044411179
  356      1.0000105799      0.1898198466      0.4096795677      0.0142446666      0.9051006569
  357      1.0000106097      0.1885099307      0.4102715672      0.0141464693      0.9057556446
  358      1.0000106395      0.1872090542      0.4108599133      0.0140489499      0.9064061126
  359      1.0000106693      0.1859171550      0.4114446253      0.0139521036      0.9070520920
  360      1.0000106991      0.1846341709      0.4120257225      0.0138559259      0.9076936139
  361      1.0000107289      0.1833600405      0.4126032239      0.0137604120      0.9083307089
  362      1.0000107587      0.1820947026      0.4131771488      0.0136655575      0.9089634076
  363      1.0000107885      0.1808380967      0.4137475161      0.0135713578      0.9095917404
  364      1.0000108183      0.1795901623      0.4143143449      0.0134778083      0.9102157373
  365      1.0000108481      0.1783508398      0.4148776542      0.0133849047      0.9108354284
  366      1.0000108779      0.1771200696      0.4154374628      0.0132926423      0.9114508432
  367      1.0000109077      0.1758977928      0.4159937896      0.0132010168      0.9120620114
  368      1.0000109375      0.1746839507      0.4165466534      0.0131100238      0.9126689623
  369      1.0000109673      0.1734784852      0.4170960729      0.0130196590      0.9132717248
  370      1.0000109971      0.1722813384      0.4176420667      0.0129299179      0.9138703280
  371      1.0000110269      0.1710924529      0.4181846535      0.0128407964      0.9144648006
  372      1.0000110567      0.1699117717      0.4187238519      0.0127522900      0.9150551710
  373      1.0000110865      0.1687392381      0.4192596802      0.0126643947      0.9156414676
  374      1.0000111163      0.1675747961      0.4197921571      0.0125771060      0.9162237184
  375      1.0000111461      0.1664183897      0.4203213007      0.0124904200      0.9168019514
  376      1.0000111759      0.1652699634      0.4208471295      0.0124043324      0.9173761943
  377      1.0000112057      0.1641294623      0.4213696617      0.0123188390      0.9179464747
  378      1.0000112355      0.1629968315      0.4218889154      0.0122339359      0.9185128198
  379      1.0000112653      0.1618720169      0.4224049088      0.0121496188      0.9190752570
  380      1.0000112951      0.1607549644      0.4229176600      0.0120658838      0.9196338130
  381      1.0000113249      0.1596456206      0.4234271869      0.0119827269      0.9201885147
  382      1.0000113547      0.1585439321      0.4239335076      0.0119001440      0.9207393887
  383      1.0000113846      0.1574498462      0.4244366397      0.0118181312      0.9212864615
  384      1.0000114144      0.1563633104      0.4249366012      0.0117366846      0.9218297592
  385      1.0000114442      0.1552842727      0.4254334098      0.0116558002      0.9223693079
  386      1.0000114740      0.1542126812      0.4259270831      0.0115754742      0.9229051334
  387      1.0000115038      0.1531484845      0.4264176389      0.0114957027      0.9234372615
  388      1.0000115336      0.1520916317      0.4269050945      0.0114164819      0.9239657177
  389      1.0000115634      0.1510420721      0.4273894675      0.0113378080      0.9244905273
  390      1.0000115932      0.1499997554      0.4278707753      0.0112596773      0.9250117155
  391      1.0000116230      0.1489646314      0.4283490352      0.0111820859      0.9255293073
  392      1.0000116528      0.1479366507      0.4288242645      0.0111050301      0.9260433274
  393      1.0000116826      0.1469157640      0.4292964805      0.0110285063      0.9265538006
  394      1.0000117124      0.1459019222      0.4297657001      0.0109525108      0.9270607513
  395      1.0000117422      0.1448950768      0.4302319406      0.0108770400      0.9275642038
  396      1.0000117720      0.1438951794      0.4306952189      0.0108020901      0.9280641823
  397      1.0000118018      0.1429021822      0.4311555520      0.0107276577      0.9285607107
  398      1.0000118316      0.1419160375      0.4316129567      0.0106537391      0.9290538129
  399      1.0000118614      0.1409366980      0.4320674498      0.0105803309      0.9295435124
  400      1.0000118912      0.1399641168      0.4325190480      0.0105074294      0.9300298328
  401      1.0000119210      0.1389982472      0.4329677680      0.0104350312      0.9305127974
  402      1.0000119508      0.1380390429      0.4334136265      0.0103631328      0.9309924294
  403      1.0000119806      0.1370864579      0.4338566398      0.0102917308      0.9314687517
  404      1.0000120104      0.1361404465      0.4342968245      0.0102208217      0.9319417872
  405      1.0000120402      0.1352009635      0.4347341969      0.0101504022      0.9324115585
  406      1.0000120700      0.1342679636      0.4351687733      0.0100804688      0.9328780882
  407      1.0000120998      0.1333414022      0.4356005701      0.0100110182      0.9333413987
  408      1.0000121296      0.1324212349      0.4360296033      0.0099420471      0.9338015122
  409      1.0000121594      0.1315074175      0.4364558890      0.0098735521      0.9342584507
  410      1.0000121892      0.1305999062      0.4368794434      0.0098055301      0.9347122361
  411      1.0000122190      0.1296986575      0.4373002823      0.0097379776      0.9351628903
  412      1.0000122488      0.1288036282      0.4377184216      0.0096708916      0.9356104348
  413      1.0000122786      0.1279147753      0.4381338772      0.0096042686      0.9360548910
  414      1.0000123084      0.1270320562      0.4385466647      0.0095381057      0.9364962803
  415      1.0000123382      0.1261554287      0.4389568000      0.0094723995      0.9369346239
  416      1.0000123680      0.1252848506      0.4393642985      0.0094071470      0.9373699427
  417      1.0000123978      0.1244202802      0.4397691759      0.0093423449      0.9378022577
  418      1.0000124276      0.1235616761      0.4401714475      0.0092779903      0.9382315896
  419      1.0000124574      0.1227089971      0.4405711288      0.0092140800      0.9386579589
  420      1.0000124873      0.1218622023      0.4409682351      0.0091506109      0.9390813861
  421      1.0000125171      0.1210212510      0.4413627817      0.0090875800      0.9395018915
  422      1.0000125469      0.1201861031      0.4417547837      0.0090249842      0.9399194953
  423      1.0000125767      0.1193567183      0.4421442563      0.0089628207      0.9403342175
  424      1.0000126065      0.1185330570      0.4425312145      0.0089010863      0.9407460779
  425      1.0000126363      0.1177150797      0.4429156732      0.0088397781      0.9411550964
  426      1.0000126661      0.1169027471      0.4432976474      0.0087788933      0.9415612925
  427      1.0000126959      0.1160960202      0.4436771519      0.0087184288      0.9419646858
  428      1.0000127257      0.1152948605      0.4440542015      0.0086583817      0.9423652954
  429      1.0000127555      0.1144992294      0.4444288108      0.0085987493      0.9427631408
  430      1.0000127853      0.1137090889      0.4448009945      0.0085395285      0.9431582408
  431      1.0000128151      0.1129244009      0.4451707670      0.0084807167      0.9435506146
  432      1.0000128449      0.1121451280      0.4455381430      0.0084223108      0.9439402809
  433      1.0000128747      0.1113712327      0.4459031368      0.0083643083      0.9443272583
  434      1.0000129045      0.1106026780      0.4462657627      0.0083067062      0.9447115655
  435      1.0000129343      0.1098394269      0.4466260350      0.0082495018      0.9450932208
  436      1.0000129641      0.1090814429      0.4469839679      0.0081926924      0.9454722427
  437      1.0000129939      0.1083286896      0.4473395755      0.0081362753      0.9458486491
  438      1.0000130237      0.1075811309      0.4476928720      0.0080802476      0.9462224582
  439      1.0000130535      0.1068387311      0.4480438712      0.0080246068      0.9465936880
  440      1.0000130833      0.1061014544      0.4483925871      0.0079693502      0.9469623561
  441      1.0000131131      0.1053692655      0.4487390335      0.0079144751      0.9473284804
  442      1.0000131429      0.1046421293      0.4490832243      0.0078599789      0.9476920783
  443      1.0000131727      0.1039200110      0.4494251731      0.0078058590      0.9480531672
  444      1.0000132025      0.1032028759      0.4497648936      0.0077521127      0.9484117646
  445      1.0000132323      0.1024906897      0.4501023993      0.0076987375      0.9487678875
  446      1.0000132621      0.1017834181      0.4504377038      0.0076457309      0.9491215531
  447      1.0000132919      0.1010810273      0.4507708204      0.0075930903      0.9494727783
  448      1.0000133217      0.1003834836      0.4511017627      0.0075408131      0.9498215799
  449      1.0000133515      0.0996907535      0.4514305437      0.0074888970      0.9501679748
  450      1.0000133813      0.0990028038      0.4517571769      0.0074373392      0.9505119794
  451      1.0000134111      0.0983196016      0.4520816753      0.0073861375      0.9508536104
  452      1.0000134409      0.0976411140      0.4524040521      0.0073352893      0.9511928839
  453      1.0000134707      0.0969673086      0.4527243202      0.0072847922      0.9515298165
  454      1.0000135005      0.0962981529      0.4530424926      0.0072346438      0.9518644241
  455      1.0000135303      0.0956336150      0.4533585823      0.0071848417      0.9521967228
  456      1.0000135601      0.0949736630      0.4536726019      0.0071353835      0.9525267286
  457      1.0000135900      0.0943182652      0.4539845644      0.0070862667      0.9528544573
  458      1.0000136198      0.0936673902      0.4542944824      0.0070374891      0.9531799246
  459      1.0000136496      0.0930210068      0.4546023685      0.0069890484      0.9535031462
  460      1.0000136794      0.0923790840      0.4549082352      0.0069409421      0.9538241374
  461      1.0000137092      0.0917415909      0.4552120951      0.0068931680      0.9541429137
  462      1.0000137390      0.0911084972      0.4555139605      0.0068457237      0.9544594904
  463      1.0000137688      0.0904797722      0.4558138439      0.0067986071      0.9547738826
  464      1.0000137986      0.0898553861      0.4561117575      0.0067518159      0.9550861055
  465      1.0000138284      0.0892353087      0.4564077136      0.0067053477      0.9553961740
  466      1.0000138582      0.0886195103      0.4567017242      0.0066592004      0.9557041030
  467      1.0000138880      0.0880079615      0.4569938016      0.0066133718      0.9560099072
  468      1.0000139178      0.0874006329      0.4572839577      0.0065678596      0.9563136013
  469      1.0000139476      0.0867974953      0.4575722045      0.0065226617      0.9566151999
  470      1.0000139774      0.0861985199      0.4578585538      0.0064777760      0.9569147174
  471      1.0000140072      0.0856036780      0.4581430177      0.0064332002      0.9572121682
  472      1.0000140370      0.0850129409      0.4584256077      0.0063889321      0.9575075665
  473      1.0000140668      0.0844262804      0.4587063356      0.0063449698      0.9578009266
  474      1.0000140966      0.0838436684      0.4589852130      0.0063013111      0.9580922624
  475      1.0000141264      0.0832650769      0.4592622516      0.0062579539      0.9583815880
  476      1.0000141562      0.0826904781      0.4595374628      0.0062148960      0.9586689171
  477      1.0000141860      0.0821198446      0.4598108581      0.0061721355      0.9589542637
  478      1.0000142158      0.0815531489      0.4600824489      0.0061296703      0.9592376413
  479      1.0000142456      0.0809903639      0.4603522465      0.0060874984      0.9595190637
  480      1.0000142754      0.0804314626      0.4606202622      0.0060456177      0.9597985441
