# time     av_coherence           domains   magnetization^2        coh_avrho   purity_avrho  prob_equireached  arrival_counts  log10_nonzeros
    1     14.5475391048      4.4195000000     21.4894779614      7.9727039337      0.0002822869      0.0004583334          11    6.7732886953
    2     24.3267325306      3.3302500000     33.8847760881      7.7105827332      0.0009758205      0.0078750001         178    7.2903290078
    3     29.8115569527      2.8155833333     43.4280656785      6.4274530411      0.0019548328      0.0250416659         412    7.4825006875
    4     33.7148535185      2.5145833333     51.2877838846      5.5747952461      0.0031870396      0.0455416664         492    7.5174879255
    5     36.0397279299      2.3040833333     58.0973942211      4.9823851585      0.0048222360      0.0682500005         545    7.4681378879
    6     37.1573095232      2.1341666667     64.8441410107      4.5152029991      0.0071841152      0.0947083309         635    7.4374145838
    7     37.2256716587      1.9978333333     70.8291051210      4.1154613495      0.0100506889      0.1202083379         612    7.3895585624
    8     37.5537545267      1.8938333333     76.4522840474      3.8112983704      0.0132525526      0.1442083418         576    7.1651335268
    9     36.4548896573      1.7944166667     81.9153067606      3.4391474724      0.0172686689      0.1697500050         613    6.9805367032
   10     35.6912009034      1.7097500000     87.1659839310      3.0817046165      0.0217072777      0.1943750083         591    6.8230271845
   11     35.4112589782      1.6392500000     92.0700491808      2.8423991203      0.0265295245      0.2181250006         570    6.8230676541
   12     35.3800137639      1.5791666667     96.4672169148      2.6352653503      0.0315214396      0.2402916551         532    6.8230654348
   13     35.4978471371      1.5251666667    100.7459992029      2.4720697403      0.0366791859      0.2612500191         503    6.8230500959
   14     35.2774793369      1.4736666667    104.7402998280      2.2500462532      0.0419819616      0.2811250091         477    6.8230680457
   15     35.0517833571      1.4247500000    108.9002563227      2.0640983582      0.0477750599      0.3013750017         486    6.8229786160
   16     34.9665079264      1.3809166667    112.7096571427      1.9096109867      0.0534657985      0.3199999928         447    6.8229207054
   17     34.8745855374      1.3416666667    116.1524464325      1.7325196266      0.0588953197      0.3367916942         403    6.8226857192
   18     34.8125532676      1.3000000000    120.0088677580      1.5679283142      0.0652387440      0.3554166555         447    6.8225879124
   19     34.9823661561      1.2628333333    123.6067973988      1.4993877411      0.0715731606      0.3730833530         424    6.8220896507
   20     35.0015144755      1.2271666667    127.0388682321      1.4044787884      0.0779213607      0.3899583220         405    6.8214150641
   21     35.1573735307      1.1945000000    130.2459743339      1.2875125408      0.0839391276      0.4052916765         368    6.8207235473
   22     34.9033538817      1.1624166667    133.4019335962      1.1490395069      0.0900860131      0.4203750193         362    6.8183970036
   23     35.1218999585      1.1356666667    136.1062551826      1.1115508080      0.0956183150      0.4335000217         315    6.8198393527
   24     35.0907730049      1.1042500000    139.3424328475      1.0743327141      0.1023549587      0.4489583373         371    6.8057447829
   25     35.2192250620      1.0765000000    142.1985480522      1.0270559788      0.1084885001      0.4625833631         327    6.8126400660
   26     35.1638683520      1.0516666667    144.7394356852      0.9652781487      0.1141122803      0.4747083187         291    6.7963254792
   27     35.0309381791      1.0258333333    147.4433423407      0.9559860229      0.1202217788      0.4875416756         308    6.7856246992
   28     35.0459870458      0.9997500000    150.1294061338      0.9348449707      0.1265834868      0.5005416870         312    6.7935638920
   29     34.7832951819      0.9747500000    152.7360276883      0.8893773556      0.1327713132      0.5128749609         296    6.7768461183
   30     34.5716544427      0.9500833333    155.2870317702      0.8579728603      0.1390913874      0.5251666307         295    6.7580509246
   31     34.3067277204      0.9257500000    157.8178775406      0.8157529831      0.1454544365      0.5372499824         290    6.6789444523
   32     33.9886398021      0.9020833333    160.3284588754      0.7978420258      0.1518096924      0.5490416288         283    6.6751746745
   33     33.7654872354      0.8785833333    162.8389766340      0.7832856178      0.1582764983      0.5607916117         282    6.6191144185
   34     33.4409762265      0.8580000000    165.0149612092      0.7775690556      0.1640550494      0.5710833073         247    6.5694003645
   35     33.1192494089      0.8375833333    167.1602636603      0.7685236931      0.1698949635      0.5812916756         245    6.6806529129
   36     32.7722146731      0.8153333333    169.4965286528      0.7600369453      0.1763826609      0.5924166441         267    6.6435122892
   37     32.3329207645      0.7945833333    171.6847959374      0.7477364540      0.1825544834      0.6027916670         249    6.6554519361
   38     32.1688222707      0.7781666667    173.4505170531      0.7211637497      0.1874454021      0.6109166145         195    4.4612433376
   39     31.7384638893      0.7586666667    175.5114443866      0.7118811607      0.1934074759      0.6206666827         234    4.4612433376
   40     31.2673201489      0.7386666667    177.6275809929      0.7053987980      0.1996256560      0.6306666732         240    4.4612433376
   41     30.7690709327      0.7184166667    179.7706886565      0.6954205036      0.2060202062      0.6407916546         243    4.4612433376
   42     30.4171317250      0.7013333333    181.5879625672      0.6910576820      0.2114934027      0.6493333578         205    4.4612433376
   43     30.0099788368      0.6829166667    183.5805936739      0.6843092442      0.2174886465      0.6585416794         221    4.4612433376
   44     29.6566917564      0.6688333333    185.0563275121      0.6722536087      0.2221275866      0.6655833721         169    4.4612433376
   45     29.2499773459      0.6530000000    186.7068972281      0.6650652885      0.2274014652      0.6734999418         190    4.4612433376
   46     28.9043862091      0.6382500000    188.2733310608      0.6588745117      0.2323671132      0.6808749437         177    4.4612433376
   47     28.4514516306      0.6225000000    189.9633160098      0.6535587311      0.2377306521      0.6887500286         189    4.4612433376
   48     28.0338344672      0.6078333333    191.4843403749      0.6395626068      0.2427777946      0.6960833669         176    4.4612433376
   49     27.6301615148      0.5922500000    193.1578716656      0.6353664398      0.2481995225      0.7038750648         187    4.4612433376
   50     27.1229287200      0.5778333333    194.6837650735      0.6250209808      0.2532810569      0.7110832930         173    4.4612433376
   51     26.6753020051      0.5632500000    196.2536982313      0.6190526485      0.2584670186      0.7183749676         175    4.4612433376
   52     26.2517317178      0.5501666667    197.6571715011      0.6139993668      0.2631666660      0.7249168158         157    4.4612433376
   53     25.7706767396      0.5360833333    199.1816465460      0.6002550125      0.2682760358      0.7319583893         169    4.4612433376
   54     25.4258855424      0.5238333333    200.4770467495      0.5967967510      0.2727594972      0.7380833626         147    4.4612433376
   55     24.9412459055      0.5109166667    201.8438496765      0.5884611607      0.2775301039      0.7445417643         155    4.4612433376
   56     24.4943891144      0.4979166667    203.2212094598      0.5808782578      0.2823782861      0.7510418296         156    4.4612433376
   57     24.0694234858      0.4854166667    204.5557214820      0.5791180134      0.2870682478      0.7572917938         150    4.4612433376
   58     23.7177026182      0.4751666667    205.6321467600      0.5678715706      0.2909523249      0.7624168396         123    4.4612433376
   59     23.2586192809      0.4630000000    206.9401595604      0.5686390400      0.2955975533      0.7684999704         146    4.4612433376
   60     22.7406576791      0.4500000000    208.2807362437      0.5512204170      0.3005999625      0.7749998569         156    4.4612433376
   61     22.3120077514      0.4383333333    209.5240835842      0.5488939285      0.3051264286      0.7808332443         140    4.4612433376
   62     21.8858688984      0.4275000000    210.6639545889      0.5458908081      0.3093582690      0.7862498760         130    4.4612433376
   63     21.4743723237      0.4176666667    211.7042369990      0.5386972427      0.3132289052      0.7911666036         118    4.4612433376
   64     21.0516667353      0.4070000000    212.8391768656      0.5302929878      0.3174454272      0.7964999676         128    4.4612433376
   65     20.6702286541      0.3969166667    213.9446565709      0.5239658356      0.3214678764      0.8015415668         121    4.4612433376
   66     20.2623352253      0.3870833333    214.9546246871      0.5140535831      0.3254133463      0.8064581752         118    4.4612433376
   67     19.8031479416      0.3768333333    216.0332907857      0.5064923763      0.3295475841      0.8115832806         123    4.4612433376
   68     19.3916850813      0.3674166667    217.0372756040      0.4967396259      0.3333660364      0.8162916303         113    4.4612433376
   69     18.9900003489      0.3578333333    218.0260505386      0.4941177368      0.3372774720      0.8210833073         115    4.4612433376
   70     18.6772068552      0.3495833333    218.9128843272      0.4904546738      0.3406644464      0.8252083063          99    4.4612433376
   71     18.2445016618      0.3404166667    219.8661179412      0.4838027954      0.3444509804      0.8297916651         110    4.4612433376
   72     17.9496608752      0.3336666667    220.5822859744      0.4841406345      0.3472521901      0.8331665993          81    4.4612433376
   73     17.4984526359      0.3242500000    221.5938853047      0.4699940681      0.3511766493      0.8378750682         113    4.4612433376
   74     17.0655326684      0.3150000000    222.5564090408      0.4641580582      0.3550541401      0.8425000310         111    4.4612433376
   75     16.7781685912      0.3083333333    223.2753222410      0.4567534924      0.3578621149      0.8458334208          80    4.4612433376
   76     16.4290730462      0.3007500000    224.0744155249      0.4535539150      0.3610699177      0.8496250510          91    4.4612433376
   77     16.0206649049      0.2924166667    224.9567111978      0.4442620277      0.3646119833      0.8537917137         100    4.4612433376
   78     15.7196347372      0.2854166667    225.6937783130      0.4395160675      0.3676043749      0.8572915792          84    4.4612433376
   79     15.3845180559      0.2782500000    226.4466282323      0.4368872643      0.3706750870      0.8608750105          86    4.4612433376
   80     15.0792194319      0.2712500000    227.1977838613      0.4272675514      0.3736940920      0.8643749952          84    4.4612433376
   81     14.7733567564      0.2645833333    227.9064297301      0.4242935181      0.3765798509      0.8677083850          80    4.4612433376
   82     14.4971090225      0.2586666667    228.5232635645      0.4216079712      0.3791443110      0.8706666827          71    4.4612433376
   83     14.1575680331      0.2521666667    229.2085357858      0.4080293179      0.3819746971      0.8739167452          78    4.4612433376
   84     13.9061635005      0.2468333333    229.8023142443      0.4130010605      0.3843078017      0.8765833378          64    4.4612433376
   85     13.6825496201      0.2417500000    230.3550351022      0.4027409554      0.3865399659      0.8791249990          61    4.4612433376
   86     13.3777167065      0.2352500000    231.0529051179      0.3997893333      0.3893955350      0.8823750019          78    4.4612433376
   87     13.0664507036      0.2295833333    231.6415646516      0.3941309452      0.3918991089      0.8852082491          68    4.4612433376
   88     12.8298594273      0.2245833333    232.1705064709      0.3890104294      0.3941093087      0.8877083063          60    4.4612433376
   89     12.5256167997      0.2189166667    232.7745045062      0.3860077858      0.3966257572      0.8905415535          68    4.4612433376
   90     12.2303797554      0.2128333333    233.4180774361      0.3790514469      0.3993367553      0.8935832977          73    4.4612433376
   91     11.9970510487      0.2080833333    233.9313686262      0.3727755547      0.4014617801      0.8959583044          57    4.4612433376
   92     11.7881060246      0.2035000000    234.4141820088      0.3701953888      0.4035207629      0.8982499838          55    4.4612433376
   93     11.5629821703      0.1992500000    234.8647864261      0.3684473038      0.4054280519      0.9003750086          51    4.4612433376
   94     11.3149899623      0.1941666667    235.4033784752      0.3626313210      0.4077179432      0.9029166698          61    4.4612433376
   95     10.9827027056      0.1875833333    236.0943113763      0.3545086384      0.4106892943      0.9062083364          79    4.4612433376
   96     10.7483115606      0.1834166667    236.5419051231      0.3499093056      0.4125788808      0.9082917571          50    4.4612433376
   97     10.5501343314      0.1793333333    236.9802534058      0.3464386463      0.4144329727      0.9103333354          49    4.4612433376
   98     10.3354124892      0.1755833333    237.3728497973      0.3454413414      0.4161399603      0.9122083187          45    4.4612433376
   99     10.0901758666      0.1707500000    237.8844642220      0.3403515816      0.4183430672      0.9146249294          58    4.4612433376
  100      9.8470376007      0.1661666667    238.3511435603      0.3341608047      0.4204435050      0.9169166684          55    4.4612433376
