# time   trace   domains   purity   coherence  equireached
    1      1.0000000000      6.5454545455      0.0010822511      0.0000000000      0.0000000000
    2      1.0000000298      6.0000001788      0.0004673357      0.5454545915      0.0000000000
    3      1.0000000596      5.5454548760      0.0004111678      0.6384570101      0.0000000000
    4      1.0000000894      5.1624583740      0.0004354048      0.6029714426      0.0000000000
    5      1.0000001192      4.8364027932      0.0004949941      0.5505952930      0.0000000000
    6      1.0000001490      4.5561247086      0.0005797214      0.4703457836      0.0000000000
    7      1.0000001788      4.3129985557      0.0006859597      0.4111074616      0.0000676407
    8      1.0000002086      4.1002949279      0.0008117800      0.3650930946      0.0003181446
    9      1.0000002384      3.9127180345      0.0009556835      0.3288724536      0.0008649684
   10      1.0000002682      3.7460669997      0.0011162536      0.3035318232      0.0017902114
   11      1.0000002980      3.5969844487      0.0012921792      0.2857901460      0.0031395510
   12      1.0000003278      3.4627677219      0.0014823962      0.2722515825      0.0049290005
   13      1.0000003576      3.3412257434      0.0016862134      0.2617738622      0.0071537742
   14      1.0000003874      3.2305696384      0.0019033750      0.2530380221      0.0097957548
   15      1.0000004172      3.1293285952      0.0021340589      0.2455810059      0.0128290435
   16      1.0000004470      3.0362847878      0.0023788298      0.2390500092      0.0162238132
   17      1.0000004768      2.9504227991      0.0026385684      0.2328888813      0.0199488262
   18      1.0000005066      2.8708901341      0.0029143928      0.2273195800      0.0239730040
   19      1.0000005364      2.7969662535      0.0032075811      0.2220580339      0.0282663676
   20      1.0000005662      2.7280381741      0.0035195020      0.2171706683      0.0328005699
   21      1.0000005960      2.6635811481      0.0038515553      0.2125019189      0.0375491632
   22      1.0000006258      2.6031432803      0.0042051241      0.2079870757      0.0424876985
   23      1.0000006557      2.5463332118      0.0045815371      0.2036598010      0.0475937219
   24      1.0000006855      2.4928101991      0.0049820397      0.1994850188      0.0528467094
   25      1.0000007153      2.4422760731      0.0054077747      0.1954272764      0.0582279663
   26      1.0000007451      2.3944686822      0.0058597687      0.1914842427      0.0637205087
   27      1.0000007749      2.3491565113      0.0063389246      0.1876169785      0.0693089372
   28      1.0000008047      2.3061342394      0.0068460186      0.1838511903      0.0749793097
   29      1.0000008345      2.2652190510      0.0073817005      0.1802068216      0.0807190176
   30      1.0000008643      2.2262475561      0.0079464963      0.1767128983      0.0865166679
   31      1.0000008941      2.1890732048      0.0085408135      0.1733301672      0.0923619727
   32      1.0000009239      2.1535641055      0.0091649468      0.1700747418      0.0982456464
   33      1.0000009537      2.1196011767      0.0098190851      0.1669366951      0.1041593115
   34      1.0000009835      2.0870765732      0.0105033194      0.1639103907      0.1100954121
   35      1.0000010133      2.0558923413      0.0112176499      0.1609985268      0.1160471360
   36      1.0000010431      2.0259592644      0.0119619943      0.1581992240      0.1220083435
   37      1.0000010729      1.9971958695      0.0127361952      0.1555339073      0.1279735033
   38      1.0000011027      1.9695275687      0.0135400279      0.1530274298      0.1339376348
   39      1.0000011325      1.9428859152      0.0143732070      0.1506202957      0.1398962561
   40      1.0000011623      1.9172079558      0.0152353936      0.1483109041      0.1458453372
   41      1.0000011921      1.8924356677      0.0161262019      0.1461018793      0.1517812579
   42      1.0000012219      1.8685154642      0.0170452047      0.1439861063      0.1577007698
   43      1.0000012517      1.8453977629      0.0179919394      0.1419592441      0.1636009624
   44      1.0000012815      1.8230366046      0.0189659131      0.1400167345      0.1694792320
   45      1.0000013113      1.8013893187      0.0199666076      0.1381539954      0.1753332541
   46      1.0000013411      1.7804162259      0.0209934832      0.1363662811      0.1811609581
   47      1.0000013709      1.7600803757      0.0220459835      0.1346498841      0.1869605045
   48      1.0000014007      1.7403473128      0.0231235383      0.1330070239      0.1927302642
   49      1.0000014305      1.7211848684      0.0242255675      0.1314290021      0.1984687994
   50      1.0000014603      1.7025629744      0.0253514834      0.1299117217      0.2041748469
   51      1.0000014901      1.6844534961      0.0265006941      0.1284520138      0.2098473024
   52      1.0000015199      1.6668300825      0.0276726051      0.1270506357      0.2154852057
   53      1.0000015497      1.6496680309      0.0288666220      0.1257096297      0.2210877283
   54      1.0000015795      1.6329441646      0.0300821516      0.1244171326      0.2266541610
   55      1.0000016093      1.6166367225      0.0313186044      0.1231701587      0.2321839033
   56      1.0000016391      1.6007252579      0.0325753952      0.1219659750      0.2376764530
   57      1.0000016689      1.5851905473      0.0338519446      0.1208019484      0.2431313977
   58      1.0000016987      1.5700145065      0.0351476799      0.1196756349      0.2485484057
   59      1.0000017285      1.5551801137      0.0364620362      0.1185846555      0.2539272186
   60      1.0000017583      1.5406713393      0.0377944569      0.1175267544      0.2592676445
   61      1.0000017881      1.5264730815      0.0391443941      0.1164998250      0.2645695510
   62      1.0000018179      1.5125711060      0.0405113094      0.1155018938      0.2698328598
   63      1.0000018477      1.4989519913      0.0418946743      0.1145321015      0.2750575410
   64      1.0000018775      1.4856030776      0.0432939701      0.1135876531      0.2802436083
   65      1.0000019074      1.4725124198      0.0447086883      0.1126694682      0.2853911142
   66      1.0000019372      1.4596687430      0.0461383307      0.1117732803      0.2905001465
   67      1.0000019670      1.4470614025      0.0475824098      0.1109140054      0.2955708235
   68      1.0000019968      1.4346803451      0.0490404482      0.1100791864      0.3006032915
   69      1.0000020266      1.4225160741      0.0505119789      0.1092639890      0.3055977213
   70      1.0000020564      1.4105596160      0.0519965454      0.1084655420      0.3105543051
   71      1.0000020862      1.3988024898      0.0534937012      0.1076822977      0.3154732543
   72      1.0000021160      1.3872366778      0.0550030100      0.1069156727      0.3203547967
   73      1.0000021458      1.3758545988      0.0565240455      0.1061678640      0.3251991748
   74      1.0000021756      1.3646490825      0.0580563910      0.1054359126      0.3300066434
   75      1.0000022054      1.3536133461      0.0595996396      0.1047177236      0.3347774682
   76      1.0000022352      1.3427409713      0.0611533935      0.1040098960      0.3395119239
   77      1.0000022650      1.3320258841      0.0627172643      0.1033124057      0.3442102928
   78      1.0000022948      1.3214623344      0.0642908726      0.1026233899      0.3488728636
   79      1.0000023246      1.3110448780      0.0658738476      0.1019430888      0.3534999302
   80      1.0000023544      1.3007683590      0.0674658271      0.1012732999      0.3580917905
   81      1.0000023842      1.2906278933      0.0690664572      0.1006107671      0.3626487455
   82      1.0000024140      1.2806188534      0.0706753923      0.0999544272      0.3671710985
   83      1.0000024438      1.2707368537      0.0722922943      0.0993038788      0.3716591543
   84      1.0000024736      1.2609777370      0.0739168331      0.0986587617      0.3761132184
   85      1.0000025034      1.2513375615      0.0755486860      0.0980198299      0.3805335965
   86      1.0000025332      1.2418125885      0.0771875375      0.0973865387      0.3849205941
   87      1.0000025630      1.2323992715      0.0788330792      0.0967578056      0.3892745155
   88      1.0000025928      1.2230942449      0.0804850094      0.0961333296      0.3935956641
   89      1.0000026226      1.2138943139      0.0821430333      0.0955129029      0.3978843413
   90      1.0000026524      1.2047964454      0.0838068625      0.0948963854      0.4021408469
   91      1.0000026822      1.1957977584      0.0854762148      0.0942835849      0.4063654781
   92      1.0000027120      1.1868955157      0.0871508142      0.0936744362      0.4105585297
   93      1.0000027418      1.1780871159      0.0888303907      0.0930687134      0.4147202938
   94      1.0000027716      1.1693700858      0.0905146800      0.0924663052      0.4188510596
   95      1.0000028014      1.1607420734      0.0922034235      0.0918671146      0.4229511132
   96      1.0000028312      1.1522008407      0.0938963681      0.0912710590      0.4270207376
   97      1.0000028610      1.1437442580      0.0955932660      0.0906780673      0.4310602124
   98      1.0000028908      1.1353702972      0.0972938746      0.0900880793      0.4350698140
   99      1.0000029206      1.1270770269      0.0989979564      0.0895010437      0.4390498153
  100      1.0000029504      1.1188626062      0.1007052789      0.0889169176      0.4430004856
  101      1.0000029802      1.1107252806      0.1024156141      0.0883356687      0.4469220908
  102      1.0000030100      1.1026633763      0.1041287391      0.0877573738      0.4508148934
  103      1.0000030398      1.0946752965      0.1058444354      0.0871819267      0.4546791523
  104      1.0000030696      1.0867595167      0.1075624889      0.0866093545      0.4585151227
  105      1.0000030994      1.0789145808      0.1092826900      0.0860397407      0.4623230566
  106      1.0000031292      1.0711390975      0.1110048334      0.0854735186      0.4661032022
  107      1.0000031591      1.0634317365      0.1127287177      0.0849101589      0.4698558045
  108      1.0000031889      1.0557912254      0.1144541458      0.0843495236      0.4735811049
  109      1.0000032187      1.0482163464      0.1161809246      0.0837916137      0.4772793415
  110      1.0000032485      1.0407059331      0.1179088649      0.0832364391      0.4809507491
  111      1.0000032783      1.0332588681      0.1196377811      0.0826840010      0.4845955591
  112      1.0000033081      1.0258740801      0.1213674916      0.0821343111      0.4882139998
  113      1.0000033379      1.0185505413      0.1230978183      0.0815873998      0.4918062961
  114      1.0000033677      1.0112872653      0.1248285868      0.0810433021      0.4953726700
  115      1.0000033975      1.0040833047      0.1265596262      0.0805020923      0.4989133402
  116      1.0000034273      0.9969377490      0.1282907689      0.0799638689      0.5024285226
  117      1.0000034571      0.9898497225      0.1300218509      0.0794285723      0.5059184301
  118      1.0000034869      0.9828183826      0.1317527113      0.0788960414      0.5093832725
  119      1.0000035167      0.9758429181      0.1334831928      0.0783662876      0.5128232570
  120      1.0000035465      0.9689225473      0.1352131408      0.0778393341      0.5162385879
  121      1.0000035763      0.9620565166      0.1369424044      0.0773152109      0.5196294669
  122      1.0000036061      0.9552440987      0.1386708353      0.0767938959      0.5229960928
  123      1.0000036359      0.9484845916      0.1403982885      0.0762753995      0.5263386622
  124      1.0000036657      0.9417773172      0.1421246219      0.0757597318      0.5296573688
  125      1.0000036955      0.9351216198      0.1438496963      0.0752469022      0.5329524040
  126      1.0000037253      0.9285168652      0.1455733756      0.0747369194      0.5362239567
  127      1.0000037551      0.9219624392      0.1472955262      0.0742297916      0.5394722135
  128      1.0000037849      0.9154577471      0.1490160175      0.0737255261      0.5426973586
  129      1.0000038147      0.9090022122      0.1507347215      0.0732241298      0.5458995741
  130      1.0000038445      0.9025952754      0.1524515131      0.0727256086      0.5490790398
  131      1.0000038743      0.8962363935      0.1541662696      0.0722299678      0.5522359332
  132      1.0000039041      0.8899250394      0.1558788712      0.0717372180      0.5553704300
  133      1.0000039339      0.8836607003      0.1575892003      0.0712473601      0.5584827037
  134      1.0000039637      0.8774428778      0.1592971421      0.0707603937      0.5615729257
  135      1.0000039935      0.8712710867      0.1610025843      0.0702763209      0.5646412655
  136      1.0000040233      0.8651448544      0.1627054168      0.0697951429      0.5676878909
  137      1.0000040531      0.8590637205      0.1644055322      0.0693168604      0.5707129675
  138      1.0000040829      0.8530272359      0.1661028252      0.0688414752      0.5737166592
  139      1.0000041127      0.8470349626      0.1677971932      0.0683690064      0.5766991283
  140      1.0000041425      0.8410864728      0.1694885354      0.0678994567      0.5796605351
  141      1.0000041723      0.8351813486      0.1711767538      0.0674327957      0.5826010382
  142      1.0000042021      0.8293191817      0.1728617522      0.0669690208      0.5855207948
  143      1.0000042319      0.8234995727      0.1745434368      0.0665081289      0.5884199602
  144      1.0000042617      0.8177221305      0.1762217159      0.0660501160      0.5912986882
  145      1.0000042915      0.8119864726      0.1778965000      0.0655949813      0.5941571310
  146      1.0000043213      0.8062922240      0.1795677017      0.0651427183      0.5969954394
  147      1.0000043511      0.8006390173      0.1812352355      0.0646933199      0.5998137625
  148      1.0000043810      0.7950264920      0.1828990181      0.0642467793      0.6026122480
  149      1.0000044108      0.7894542947      0.1845589681      0.0638030892      0.6053910424
  150      1.0000044406      0.7839220782      0.1862150062      0.0633622427      0.6081502904
  151      1.0000044704      0.7784295018      0.1878670549      0.0629242319      0.6108901357
  152      1.0000045002      0.7729762307      0.1895150387      0.0624890486      0.6136107203
  153      1.0000045300      0.7675619356      0.1911588838      0.0620566843      0.6163121851
  154      1.0000045598      0.7621862929      0.1927985186      0.0616271299      0.6189946696
  155      1.0000045896      0.7568489842      0.1944338730      0.0612003760      0.6216583121
  156      1.0000046194      0.7515496961      0.1960648789      0.0607764127      0.6243032496
  157      1.0000046492      0.7462881201      0.1976914698      0.0603552299      0.6269296178
  158      1.0000046790      0.7410639523      0.1993135810      0.0599368172      0.6295375514
  159      1.0000047088      0.7358768934      0.2009311496      0.0595211644      0.6321271837
  160      1.0000047386      0.7307266482      0.2025441142      0.0591082619      0.6346986470
  161      1.0000047684      0.7256129259      0.2041524153      0.0586980970      0.6372520721
  162      1.0000047982      0.7205354395      0.2057559949      0.0582906565      0.6397875892
  163      1.0000048280      0.7154939061      0.2073547965      0.0578859286      0.6423053271
  164      1.0000048578      0.7104880461      0.2089487654      0.0574839008      0.6448054133
  165      1.0000048876      0.7055175840      0.2105378483      0.0570845609      0.6472879747
  166      1.0000049174      0.7005822474      0.2121219934      0.0566878960      0.6497531368
  167      1.0000049472      0.6956817675      0.2137011506      0.0562938933      0.6522010241
  168      1.0000049770      0.6908158785      0.2152752712      0.0559025398      0.6546317602
  169      1.0000050068      0.6859843181      0.2168443077      0.0555138222      0.6570454676
  170      1.0000050366      0.6811868267      0.2184082144      0.0551277271      0.6594422678
  171      1.0000050664      0.6764231478      0.2199669468      0.0547442411      0.6618222813
  172      1.0000050962      0.6716930280      0.2215204619      0.0543633521      0.6641856277
  173      1.0000051260      0.6669962163      0.2230687180      0.0539850445      0.6665324256
  174      1.0000051558      0.6623324646      0.2246116747      0.0536093043      0.6688627926
  175      1.0000051856      0.6577015274      0.2261492930      0.0532361175      0.6711768456
  176      1.0000052154      0.6531031619      0.2276815352      0.0528654699      0.6734747003
  177      1.0000052452      0.6485371277      0.2292083648      0.0524973474      0.6757564715
  178      1.0000052750      0.6440031867      0.2307297465      0.0521317357      0.6780222734
  179      1.0000053048      0.6395011033      0.2322456465      0.0517686204      0.6802722191
  180      1.0000053346      0.6350306443      0.2337560319      0.0514079871      0.6825064207
  181      1.0000053644      0.6305915786      0.2352608712      0.0510498214      0.6847249897
  182      1.0000053942      0.6261836774      0.2367601339      0.0506941087      0.6869280367
  183      1.0000054240      0.6218067141      0.2382537909      0.0503408346      0.6891156713
  184      1.0000054538      0.6174604639      0.2397418139      0.0499899846      0.6912880023
  185      1.0000054836      0.6131447046      0.2412241759      0.0496415444      0.6934451378
  186      1.0000055134      0.6088592155      0.2427008511      0.0492954989      0.6955871851
  187      1.0000055432      0.6046037783      0.2441718145      0.0489518334      0.6977142505
  188      1.0000055730      0.6003781762      0.2456370424      0.0486105334      0.6998264397
  189      1.0000056029      0.5961821947      0.2470965120      0.0482715842      0.7019238574
  190      1.0000056327      0.5920156210      0.2485502015      0.0479349711      0.7040066078
  191      1.0000056625      0.5878782440      0.2499980902      0.0476006797      0.7060747940
  192      1.0000056923      0.5837698547      0.2514401583      0.0472686951      0.7081285187
  193      1.0000057221      0.5796902457      0.2528763869      0.0469390030      0.7101678835
  194      1.0000057519      0.5756392112      0.2543067583      0.0466115887      0.7121929894
  195      1.0000057817      0.5716165473      0.2557312554      0.0462864377      0.7142039368
  196      1.0000058115      0.5676220518      0.2571498622      0.0459635354      0.7162008250
  197      1.0000058413      0.5636555240      0.2585625636      0.0456428675      0.7181837530
  198      1.0000058711      0.5597167649      0.2599693454      0.0453244194      0.7201528188
  199      1.0000059009      0.5558055771      0.2613701940      0.0450081768      0.7221081197
  200      1.0000059307      0.5519217648      0.2627650969      0.0446941254      0.7240497524
  201      1.0000059605      0.5480651338      0.2641540425      0.0443822507      0.7259778129
  202      1.0000059903      0.5442354913      0.2655370198      0.0440725386      0.7278923963
  203      1.0000060201      0.5404326462      0.2669140186      0.0437649749      0.7297935973
  204      1.0000060499      0.5366564086      0.2682850297      0.0434595453      0.7316815097
  205      1.0000060797      0.5329065903      0.2696500444      0.0431562358      0.7335562267
  206      1.0000061095      0.5291830046      0.2710090550      0.0428550322      0.7354178409
  207      1.0000061393      0.5254854661      0.2723620543      0.0425559208      0.7372664442
  208      1.0000061691      0.5218137909      0.2737090360      0.0422588874      0.7391021276
  209      1.0000061989      0.5181677964      0.2750499945      0.0419639182      0.7409249818
  210      1.0000062287      0.5145473015      0.2763849248      0.0416709994      0.7427350967
  211      1.0000062585      0.5109521263      0.2777138227      0.0413801173      0.7445325616
  212      1.0000062883      0.5073820925      0.2790366845      0.0410912582      0.7463174650
  213      1.0000063181      0.5038370230      0.2803535073      0.0408044084      0.7480898950
  214      1.0000063479      0.5003167419      0.2816642889      0.0405195544      0.7498499388
  215      1.0000063777      0.4968210749      0.2829690274      0.0402366827      0.7515976833
  216      1.0000064075      0.4933498487      0.2842677220      0.0399557800      0.7533332146
  217      1.0000064373      0.4899028915      0.2855603721      0.0396768329      0.7550566182
  218      1.0000064671      0.4864800327      0.2868469780      0.0393998280      0.7567679789
  219      1.0000064969      0.4830811028      0.2881275402      0.0391247523      0.7584673811
  220      1.0000065267      0.4797059338      0.2894020602      0.0388515925      0.7601549085
  221      1.0000065565      0.4763543588      0.2906705398      0.0385803356      0.7618306441
  222      1.0000065863      0.4730262120      0.2919329813      0.0383109687      0.7634946706
  223      1.0000066161      0.4697213291      0.2931893877      0.0380434789      0.7651470697
  224      1.0000066459      0.4664395468      0.2944397625      0.0377778532      0.7667879230
  225      1.0000066757      0.4631807030      0.2956841096      0.0375140790      0.7684173111
  226      1.0000067055      0.4599446367      0.2969224336      0.0372521435      0.7700353143
  227      1.0000067353      0.4567311882      0.2981547392      0.0369920342      0.7716420122
  228      1.0000067651      0.4535401990      0.2993810321      0.0367337385      0.7732374839
  229      1.0000067950      0.4503715115      0.3006013180      0.0364772439      0.7748218079
  230      1.0000068248      0.4472249695      0.3018156035      0.0362225381      0.7763950621
  231      1.0000068546      0.4441004177      0.3030238951      0.0359696088      0.7779573241
  232      1.0000068844      0.4409977021      0.3042262003      0.0357184437      0.7795086706
  233      1.0000069142      0.4379166697      0.3054225268      0.0354690307      0.7810491781
  234      1.0000069440      0.4348571685      0.3066128825      0.0352213576      0.7825789222
  235      1.0000069738      0.4318190479      0.3077972760      0.0349754126      0.7840979782
  236      1.0000070036      0.4288021580      0.3089757163      0.0347311836      0.7856064210
  237      1.0000070334      0.4258063503      0.3101482126      0.0344886588      0.7871043246
  238      1.0000070632      0.4228314770      0.3113147746      0.0342478264      0.7885917628
  239      1.0000070930      0.4198773917      0.3124754124      0.0340086747      0.7900688087
  240      1.0000071228      0.4169439488      0.3136301365      0.0337711922      0.7915355350
  241      1.0000071526      0.4140310039      0.3147789575      0.0335353671      0.7929920139
  242      1.0000071824      0.4111384135      0.3159218867      0.0333011882      0.7944383169
  243      1.0000072122      0.4082660352      0.3170589354      0.0330686438      0.7958745152
  244      1.0000072420      0.4054137276      0.3181901156      0.0328377228      0.7973006794
  245      1.0000072718      0.4025813502      0.3193154393      0.0326084138      0.7987168796
  246      1.0000073016      0.3997687635      0.3204349190      0.0323807058      0.8001231856
  247      1.0000073314      0.3969758293      0.3215485674      0.0321545875      0.8015196665
  248      1.0000073612      0.3942024099      0.3226563976      0.0319300479      0.8029063908
  249      1.0000073910      0.3914483689      0.3237584229      0.0317070761      0.8042834269
  250      1.0000074208      0.3887135707      0.3248546570      0.0314856612      0.8056508425
  251      1.0000074506      0.3859978808      0.3259451138      0.0312657924      0.8070087047
  252      1.0000074804      0.3833011656      0.3270298075      0.0310474589      0.8083570803
  253      1.0000075102      0.3806232923      0.3281087524      0.0308306500      0.8096960357
  254      1.0000075400      0.3779641292      0.3291819634      0.0306153552      0.8110256367
  255      1.0000075698      0.3753235455      0.3302494554      0.0304015640      0.8123459486
  256      1.0000075996      0.3727014113      0.3313112436      0.0301892657      0.8136570363
  257      1.0000076294      0.3700975975      0.3323673433      0.0299784502      0.8149589644
  258      1.0000076592      0.3675119761      0.3334177704      0.0297691070      0.8162517968
  259      1.0000076890      0.3649444200      0.3344625406      0.0295612259      0.8175355970
  260      1.0000077188      0.3623948027      0.3355016702      0.0293547968      0.8188104283
  261      1.0000077486      0.3598629990      0.3365351754      0.0291498094      0.8200763533
  262      1.0000077784      0.3573488843      0.3375630727      0.0289462539      0.8213334341
  263      1.0000078082      0.3548523349      0.3385853790      0.0287441201      0.8225817327
  264      1.0000078380      0.3523732281      0.3396021111      0.0285433983      0.8238213104
  265      1.0000078678      0.3499114419      0.3406132861      0.0283440785      0.8250522280
  266      1.0000078976      0.3474668553      0.3416189214      0.0281461510      0.8262745462
  267      1.0000079274      0.3450393480      0.3426190344      0.0279496060      0.8274883250
  268      1.0000079573      0.3426288008      0.3436136429      0.0277544341      0.8286936241
  269      1.0000079871      0.3402350950      0.3446027645      0.0275606255      0.8298905027
  270      1.0000080169      0.3378581130      0.3455864174      0.0273681708      0.8310790197
  271      1.0000080467      0.3354977378      0.3465646196      0.0271770605      0.8322592335
  272      1.0000080765      0.3331538535      0.3475373895      0.0269872853      0.8334312021
  273      1.0000081063      0.3308263447      0.3485047455      0.0267988359      0.8345949831
  274      1.0000081361      0.3285150971      0.3494667061      0.0266117030      0.8357506337
  275      1.0000081659      0.3262199970      0.3504232901      0.0264258773      0.8368982108
  276      1.0000081957      0.3239409315      0.3513745164      0.0262413499      0.8380377707
  277      1.0000082255      0.3216777886      0.3523204039      0.0260581116      0.8391693695
  278      1.0000082553      0.3194304571      0.3532609718      0.0258761535      0.8402930627
  279      1.0000082851      0.3171988264      0.3541962393      0.0256954666      0.8414089057
  280      1.0000083149      0.3149827869      0.3551262257      0.0255160421      0.8425169532
  281      1.0000083447      0.3127822295      0.3560509504      0.0253378711      0.8436172598
  282      1.0000083745      0.3105970461      0.3569704331      0.0251609449      0.8447098795
  283      1.0000084043      0.3084271293      0.3578846934      0.0249852548      0.8457948660
  284      1.0000084341      0.3062723725      0.3587937511      0.0248107922      0.8468722726
  285      1.0000084639      0.3041326696      0.3596976260      0.0246375485      0.8479421524
  286      1.0000084937      0.3020079154      0.3605963381      0.0244655152      0.8490045578
  287      1.0000085235      0.2998980056      0.3614899073      0.0242946839      0.8500595412
  288      1.0000085533      0.2978028365      0.3623783539      0.0241250461      0.8511071544
  289      1.0000085831      0.2957223049      0.3632616981      0.0239565935      0.8521474488
  290      1.0000086129      0.2936563087      0.3641399600      0.0237893180      0.8531804756
  291      1.0000086427      0.2916047462      0.3650131601      0.0236232111      0.8542062856
  292      1.0000086725      0.2895675167      0.3658813187      0.0234582649      0.8552249292
  293      1.0000087023      0.2875445200      0.3667444564      0.0232944711      0.8562364564
  294      1.0000087321      0.2855356566      0.3676025937      0.0231318218      0.8572409171
  295      1.0000087619      0.2835408278      0.3684557511      0.0229703089      0.8582383605
  296      1.0000087917      0.2815599356      0.3693039494      0.0228099246      0.8592288356
  297      1.0000088215      0.2795928825      0.3701472092      0.0226506608      0.8602123913
  298      1.0000088513      0.2776395719      0.3709855514      0.0224925099      0.8611890757
  299      1.0000088811      0.2756999077      0.3718189966      0.0223354640      0.8621589370
  300      1.0000089109      0.2737737947      0.3726475659      0.0221795154      0.8631220227
  301      1.0000089407      0.2718611381      0.3734712799      0.0220246564      0.8640783803
  302      1.0000089705      0.2699618438      0.3742901598      0.0218708795      0.8650280567
  303      1.0000090003      0.2680758187      0.3751042264      0.0217181771      0.8659710985
  304      1.0000090301      0.2662029699      0.3759135007      0.0215665417      0.8669075523
  305      1.0000090599      0.2643432054      0.3767180038      0.0214159658      0.8678374639
  306      1.0000090897      0.2624964338      0.3775177567      0.0212664420      0.8687608791
  307      1.0000091196      0.2606625642      0.3783127804      0.0211179630      0.8696778433
  308      1.0000091494      0.2588415067      0.3791030962      0.0209705216      0.8705884016
  309      1.0000091792      0.2570331715      0.3798887250      0.0208241103      0.8714925986
  310      1.0000092090      0.2552374700      0.3806696880      0.0206787221      0.8723904789
  311      1.0000092388      0.2534543137      0.3814460063      0.0205343498      0.8732820865
  312      1.0000092686      0.2516836151      0.3822177012      0.0203909863      0.8741674653
  313      1.0000092984      0.2499252871      0.3829847937      0.0202486245      0.8750466589
  314      1.0000093282      0.2481792432      0.3837473051      0.0201072576      0.8759197104
  315      1.0000093580      0.2464453978      0.3845052565      0.0199668784      0.8767866627
  316      1.0000093878      0.2447236654      0.3852586691      0.0198274801      0.8776475584
  317      1.0000094176      0.2430139616      0.3860075641      0.0196890559      0.8785024399
  318      1.0000094474      0.2413162023      0.3867519627      0.0195515990      0.8793513492
  319      1.0000094772      0.2396303039      0.3874918860      0.0194151025      0.8801943280
  320      1.0000095070      0.2379561838      0.3882273551      0.0192795599      0.8810314177
  321      1.0000095368      0.2362937595      0.3889583914      0.0191449644      0.8818626595
  322      1.0000095666      0.2346429493      0.3896850159      0.0190113093      0.8826880942
  323      1.0000095964      0.2330036722      0.3904072497      0.0188785883      0.8835077625
  324      1.0000096262      0.2313758475      0.3911251140      0.0187467946      0.8843217045
  325      1.0000096560      0.2297593952      0.3918386300      0.0186159219      0.8851299603
  326      1.0000096858      0.2281542360      0.3925478186      0.0184859637      0.8859325696
  327      1.0000097156      0.2265602908      0.3932527010      0.0183569136      0.8867295719
  328      1.0000097454      0.2249774813      0.3939532983      0.0182287653      0.8875210063
  329      1.0000097752      0.2234057298      0.3946496314      0.0181015125      0.8883069118
  330      1.0000098050      0.2218449590      0.3953417215      0.0179751489      0.8890873269
  331      1.0000098348      0.2202950921      0.3960295894      0.0178496683      0.8898622901
  332      1.0000098646      0.2187560530      0.3967132562      0.0177250645      0.8906318393
  333      1.0000098944      0.2172277661      0.3973927427      0.0176013315      0.8913960125
  334      1.0000099242      0.2157101562      0.3980680700      0.0174784631      0.8921548472
  335      1.0000099540      0.2142031487      0.3987392588      0.0173564532      0.8929083807
  336      1.0000099838      0.2127066695      0.3994063301      0.0172352960      0.8936566500
  337      1.0000100136      0.2112206452      0.4000693046      0.0171149854      0.8943996919
  338      1.0000100434      0.2097450027      0.4007282031      0.0169955155      0.8951375429
  339      1.0000100732      0.2082796693      0.4013830464      0.0168768805      0.8958702394
  340      1.0000101030      0.2068245732      0.4020338551      0.0167590745      0.8965978172
  341      1.0000101328      0.2053796428      0.4026806499      0.0166420918      0.8973203121
  342      1.0000101626      0.2039448070      0.4033234515      0.0165259265      0.8980377598
  343      1.0000101924      0.2025199954      0.4039622804      0.0164105729      0.8987501954
  344      1.0000102222      0.2011051379      0.4045971572      0.0162960255      0.8994576539
  345      1.0000102521      0.1997001650      0.4052281023      0.0161822785      0.9001601701
  346      1.0000102819      0.1983050076      0.4058551363      0.0160693264      0.9008577786
  347      1.0000103117      0.1969195971      0.4064782796      0.0159571636      0.9015505136
  348      1.0000103415      0.1955438654      0.4070975524      0.0158457847      0.9022384092
  349      1.0000103713      0.1941777450      0.4077129752      0.0157351840      0.9029214992
  350      1.0000104011      0.1928211687      0.4083245681      0.0156253562      0.9035998171
  351      1.0000104309      0.1914740698      0.4089323515      0.0155162960      0.9042733964
  352      1.0000104607      0.1901363820      0.4095363454      0.0154079978      0.9049422700
  353      1.0000104905      0.1888080397      0.4101365700      0.0153004565      0.9056064709
  354      1.0000105203      0.1874889776      0.4107330454      0.0151936667      0.9062660318
  355      1.0000105501      0.1861791307      0.4113257916      0.0150876231      0.9069209850
  356      1.0000105799      0.1848784348      0.4119148285      0.0149823206      0.9075713628
  357      1.0000106097      0.1835868259      0.4125001761      0.0148777540      0.9082171970
  358      1.0000106395      0.1823042405      0.4130818541      0.0147739181      0.9088585195
  359      1.0000106693      0.1810306156      0.4136598824      0.0146708079      0.9094953617
  360      1.0000106991      0.1797658886      0.4142342808      0.0145684182      0.9101277550
  361      1.0000107289      0.1785099973      0.4148050688      0.0144667440      0.9107557305
  362      1.0000107587      0.1772628799      0.4153722661      0.0143657804      0.9113793189
  363      1.0000107885      0.1760244753      0.4159358924      0.0142655223      0.9119985510
  364      1.0000108183      0.1747947225      0.4164959670      0.0141659649      0.9126134572
  365      1.0000108481      0.1735735610      0.4170525094      0.0140671032      0.9132240678
  366      1.0000108779      0.1723609309      0.4176055390      0.0139689323      0.9138304126
  367      1.0000109077      0.1711567726      0.4181550752      0.0138714476      0.9144325216
  368      1.0000109375      0.1699610268      0.4187011371      0.0137746441      0.9150304242
  369      1.0000109673      0.1687736348      0.4192437439      0.0136785171      0.9156241500
  370      1.0000109971      0.1675945383      0.4197829149      0.0135830619      0.9162137281
  371      1.0000110269      0.1664236792      0.4203186690      0.0134882737      0.9167991874
  372      1.0000110567      0.1652610000      0.4208510253      0.0133941480      0.9173805568
  373      1.0000110865      0.1641064437      0.4213800027      0.0133006801      0.9179578648
  374      1.0000111163      0.1629599533      0.4219056201      0.0132078654      0.9185311398
  375      1.0000111461      0.1618214727      0.4224278962      0.0131156993      0.9191004099
  376      1.0000111759      0.1606909457      0.4229468499      0.0130241773      0.9196657031
  377      1.0000112057      0.1595683170      0.4234624997      0.0129332949      0.9202270473
  378      1.0000112355      0.1584535312      0.4239748643      0.0128430477      0.9207844700
  379      1.0000112653      0.1573465335      0.4244839623      0.0127534311      0.9213379986
  380      1.0000112951      0.1562472697      0.4249898120      0.0126644409      0.9218876604
  381      1.0000113249      0.1551556856      0.4254924320      0.0125760726      0.9224334822
  382      1.0000113547      0.1540717276      0.4259918405      0.0124883218      0.9229754910
  383      1.0000113846      0.1529953424      0.4264880557      0.0124011843      0.9235137134
  384      1.0000114144      0.1519264771      0.4269810960      0.0123146557      0.9240481758
  385      1.0000114442      0.1508650792      0.4274709793      0.0122287319      0.9245789046
  386      1.0000114740      0.1498110965      0.4279577238      0.0121434086      0.9251059257
  387      1.0000115038      0.1487644772      0.4284413475      0.0120586816      0.9256292652
  388      1.0000115336      0.1477251698      0.4289218682      0.0119745467      0.9261489487
  389      1.0000115634      0.1466931234      0.4293993038      0.0118909998      0.9266650017
  390      1.0000115932      0.1456682870      0.4298736721      0.0118080368      0.9271774497
  391      1.0000116230      0.1446506105      0.4303449908      0.0117256536      0.9276863178
  392      1.0000116528      0.1436400436      0.4308132774      0.0116438462      0.9281916310
  393      1.0000116826      0.1426365369      0.4312785496      0.0115626105      0.9286934141
  394      1.0000117124      0.1416400409      0.4317408248      0.0114819425      0.9291916919
  395      1.0000117422      0.1406505068      0.4322001204      0.0114018383      0.9296864888
  396      1.0000117720      0.1396678857      0.4326564539      0.0113222940      0.9301778292
  397      1.0000118018      0.1386921295      0.4331098423      0.0112433056      0.9306657371
  398      1.0000118316      0.1377231902      0.4335603031      0.0111648692      0.9311502365
  399      1.0000118614      0.1367610202      0.4340078531      0.0110869810      0.9316313513
  400      1.0000118912      0.1358055721      0.4344525096      0.0110096371      0.9321091052
  401      1.0000119210      0.1348567990      0.4348942894      0.0109328339      0.9325835215
  402      1.0000119508      0.1339146543      0.4353332095      0.0108565674      0.9330546237
  403      1.0000119806      0.1329790917      0.4357692867      0.0107808339      0.9335224348
  404      1.0000120104      0.1320500652      0.4362025378      0.0107056297      0.9339869778
  405      1.0000120402      0.1311275290      0.4366329794      0.0106309511      0.9344482757
  406      1.0000120700      0.1302114380      0.4370606281      0.0105567945      0.9349063510
  407      1.0000120998      0.1293017470      0.4374855005      0.0104831561      0.9353612263
  408      1.0000121296      0.1283984113      0.4379076130      0.0104100324      0.9358129240
  409      1.0000121594      0.1275013866      0.4383269820      0.0103374198      0.9362614661
  410      1.0000121892      0.1266106288      0.4387436238      0.0102653146      0.9367068748
  411      1.0000122190      0.1257260940      0.4391575547      0.0101937135      0.9371491721
  412      1.0000122488      0.1248477388      0.4395687908      0.0101226127      0.9375883795
  413      1.0000122786      0.1239755200      0.4399773481      0.0100520089      0.9380245187
  414      1.0000123084      0.1231093947      0.4403832428      0.0099818986      0.9384576111
  415      1.0000123382      0.1222493205      0.4407864907      0.0099122783      0.9388876780
  416      1.0000123680      0.1213952549      0.4411871078      0.0098431445      0.9393147406
  417      1.0000123978      0.1205471560      0.4415851097      0.0097744940      0.9397388198
  418      1.0000124276      0.1197049822      0.4419805122      0.0097063233      0.9401599365
  419      1.0000124574      0.1188686921      0.4423733310      0.0096386290      0.9405781114
  420      1.0000124873      0.1180382445      0.4427635816      0.0095714079      0.9409933650
  421      1.0000125171      0.1172135986      0.4431512795      0.0095046566      0.9414057178
  422      1.0000125469      0.1163947139      0.4435364401      0.0094383719      0.9418151899
  423      1.0000125767      0.1155815501      0.4439190788      0.0093725505      0.9422218016
  424      1.0000126065      0.1147740673      0.4442992109      0.0093071891      0.9426255728
  425      1.0000126363      0.1139722258      0.4446768514      0.0092422845      0.9430265234
  426      1.0000126661      0.1131759862      0.4450520157      0.0091778336      0.9434246730
  427      1.0000126959      0.1123853093      0.4454247186      0.0091138332      0.9438200412
  428      1.0000127257      0.1116001563      0.4457949753      0.0090502801      0.9442126475
  429      1.0000127555      0.1108204886      0.4461628005      0.0089871712      0.9446025112
  430      1.0000127853      0.1100462678      0.4465282091      0.0089245035      0.9449896514
  431      1.0000128151      0.1092774559      0.4468912159      0.0088622737      0.9453740871
  432      1.0000128449      0.1085140152      0.4472518355      0.0088004789      0.9457558373
  433      1.0000128747      0.1077559080      0.4476100826      0.0087391160      0.9461349207
  434      1.0000129045      0.1070030972      0.4479659717      0.0086781821      0.9465113559
  435      1.0000129343      0.1062555457      0.4483195172      0.0086176740      0.9468851614
  436      1.0000129641      0.1055132169      0.4486707336      0.0085575889      0.9472563557
  437      1.0000129939      0.1047760741      0.4490196351      0.0084979237      0.9476249569
  438      1.0000130237      0.1040440811      0.4493662360      0.0084386756      0.9479909831
  439      1.0000130535      0.1033172021      0.4497105504      0.0083798417      0.9483544524
  440      1.0000130833      0.1025954013      0.4500525925      0.0083214189      0.9487153827
  441      1.0000131131      0.1018786431      0.4503923763      0.0082634046      0.9490737916
  442      1.0000131429      0.1011668924      0.4507299157      0.0082057957      0.9494296967
  443      1.0000131727      0.1004601141      0.4510652247      0.0081485895      0.9497831156
  444      1.0000132025      0.0997582736      0.4513983169      0.0080917832      0.9501340657
  445      1.0000132323      0.0990613364      0.4517292062      0.0080353740      0.9504825641
  446      1.0000132621      0.0983692681      0.4520579063      0.0079793590      0.9508286281
  447      1.0000132919      0.0976820348      0.4523844306      0.0079237356      0.9511722745
  448      1.0000133217      0.0969996027      0.4527087928      0.0078685011      0.9515135204
  449      1.0000133515      0.0963219382      0.4530310063      0.0078136526      0.9518523824
  450      1.0000133813      0.0956490081      0.4533510845      0.0077591874      0.9521888773
  451      1.0000134111      0.0949807792      0.4536690406      0.0077051031      0.9525230215
  452      1.0000134409      0.0943172188      0.4539848880      0.0076513967      0.9528548315
  453      1.0000134707      0.0936582942      0.4542986397      0.0075980658      0.9531843237
  454      1.0000135005      0.0930039730      0.4546103090      0.0075451077      0.9535115141
  455      1.0000135303      0.0923542230      0.4549199087      0.0074925197      0.9538364188
  456      1.0000135601      0.0917090124      0.4552274519      0.0074402994      0.9541590540
  457      1.0000135900      0.0910683093      0.4555329515      0.0073884441      0.9544794353
  458      1.0000136198      0.0904320824      0.4558364203      0.0073369513      0.9547975785
  459      1.0000136496      0.0898003004      0.4561378710      0.0072858184      0.9551134994
  460      1.0000136794      0.0891729321      0.4564373163      0.0072350430      0.9554272133
  461      1.0000137092      0.0885499468      0.4567347688      0.0071846225      0.9557387358
  462      1.0000137390      0.0879313138      0.4570302411      0.0071345544      0.9560480821
  463      1.0000137688      0.0873170028      0.4573237456      0.0070848364      0.9563552674
  464      1.0000137986      0.0867069835      0.4576152948      0.0070354659      0.9566603068
  465      1.0000138284      0.0861012259      0.4579049010      0.0069864405      0.9569632154
  466      1.0000138582      0.0854997004      0.4581925764      0.0069377579      0.9572640080
  467      1.0000138880      0.0849023772      0.4584783333      0.0068894155      0.9575626994
  468      1.0000139178      0.0843092271      0.4587621838      0.0068414111      0.9578593042
  469      1.0000139476      0.0837202209      0.4590441399      0.0067937423      0.9581538371
  470      1.0000139774      0.0831353297      0.4593242137      0.0067464067      0.9584463126
  471      1.0000140072      0.0825545246      0.4596024172      0.0066994020      0.9587367449
  472      1.0000140370      0.0819777772      0.4598787621      0.0066527260      0.9590251484
  473      1.0000140668      0.0814050591      0.4601532602      0.0066063762      0.9593115372
  474      1.0000140966      0.0808363422      0.4604259234      0.0065603504      0.9595959255
  475      1.0000141264      0.0802715985      0.4606967633      0.0065146464      0.9598783272
  476      1.0000141562      0.0797108002      0.4609657914      0.0064692619      0.9601587561
  477      1.0000141860      0.0791539198      0.4612330194      0.0064241947      0.9604372261
  478      1.0000142158      0.0786009299      0.4614984587      0.0063794425      0.9607137508
  479      1.0000142456      0.0780518034      0.4617621207      0.0063350032      0.9609883439
  480      1.0000142754      0.0775065132      0.4620240167      0.0062908746      0.9612610188
