# time   trace   domains   purity   coherence  equireached
    1      1.0000000000      6.5454545455      0.0010822511      0.0000000000      0.0000000000
    2      1.0000000298      6.0000001788      0.0004673357      0.5454545915      0.0000000000
    3      1.0000000596      5.5454548760      0.0004194426      0.6206007772      0.0000000000
    4      1.0000000894      5.1633001249      0.0004498982      0.6542930191      0.0000000000
    5      1.0000001192      4.8391034108      0.0005161768      0.5918579690      0.0000000000
    6      1.0000001490      4.5616370083      0.0006087532      0.5993990696      0.0000000000
    7      1.0000001788      4.3221442123      0.0007240298      0.5693743843      0.0000676407
    8      1.0000002086      4.1137608507      0.0008597292      0.5575625085      0.0002670165
    9      1.0000002384      3.9310712684      0.0010137070      0.5422158435      0.0006513538
   10      1.0000002682      3.7697716935      0.0011836485      0.5313552815      0.0012557649
   11      1.0000002980      3.6264160904      0.0013671075      0.5206953197      0.0021002724
   12      1.0000003278      3.4982241944      0.0015616652      0.5118226618      0.0031925401
   13      1.0000003576      3.3829360336      0.0017650959      0.5035651496      0.0045313770
   14      1.0000003874      3.2787011313      0.0019754867      0.4961638938      0.0061094044
   15      1.0000004172      3.1839936193      0.0021913013      0.4897878233      0.0079152474
   16      1.0000004470      3.0975467786      0.0024113947      0.4846534345      0.0099351125
   17      1.0000004768      3.0183022218      0.0026349936      0.4798087403      0.0121539448
   18      1.0000005066      2.9453701724      0.0028616552      0.4754649093      0.0145562298
   19      1.0000005364      2.8779982073      0.0030912171      0.4713050603      0.0171265446
   20      1.0000005662      2.8155464959      0.0033237437      0.4672776759      0.0198499194
   21      1.0000005960      2.7574680582      0.0035594758      0.4632197835      0.0227120673
   22      1.0000006258      2.7032929258      0.0037987850      0.4590598259      0.0256995170
   23      1.0000006557      2.6526153565      0.0040421345      0.4548349863      0.0287996803
   24      1.0000006855      2.6050834547      0.0042900462      0.4508409887      0.0320008739
   25      1.0000007153      2.5603906963      0.0045430742      0.4468052350      0.0352923101
   26      1.0000007451      2.5182689715      0.0048017835      0.4426947217      0.0386640676
   27      1.0000007749      2.4784828450      0.0050667340      0.4384916293      0.0421070499
   28      1.0000008047      2.4408247955      0.0053384678      0.4342330646      0.0456129365
   29      1.0000008345      2.4051112496      0.0056175010      0.4298905971      0.0491741306
   30      1.0000008643      2.3711792623      0.0059043169      0.4254895536      0.0527837062
   31      1.0000008941      2.3388837257      0.0061993623      0.4210651339      0.0564353554
   32      1.0000009239      2.3080950126      0.0065030449      0.4167880914      0.0601233382
   33      1.0000009537      2.2786969794      0.0068157328      0.4124930903      0.0638424344
   34      1.0000009835      2.2505852654      0.0071377539      0.4081775233      0.0675878987
   35      1.0000010133      2.2236658414      0.0074693971      0.4038101260      0.0713554186
   36      1.0000010431      2.1978537642      0.0078109132      0.3994514513      0.0751410764
   37      1.0000010729      2.1730721061      0.0081625167      0.3951090766      0.0789413128
   38      1.0000011027      2.1492510301      0.0085243879      0.3907622800      0.0827528949
   39      1.0000011325      2.1263269894      0.0088966744      0.3864155504      0.0865728860
   40      1.0000011623      2.1042420323      0.0092794936      0.3820817831      0.0903986188
   41      1.0000011921      2.0829431966      0.0096729348      0.3777642297      0.0942276707
   42      1.0000012219      2.0623819799      0.0100770611      0.3734762216      0.0980578413
   43      1.0000012517      2.0425138763      0.0104919117      0.3692368783      0.1018871320
   44      1.0000012815      2.0232979692      0.0109175034      0.3650468207      0.1057137279
   45      1.0000013113      2.0046965725      0.0113538331      0.3609066005      0.1095359811
   46      1.0000013411      1.9866749141      0.0118008792      0.3568232270      0.1133523951
   47      1.0000013709      1.9692008555      0.0122586034      0.3528028152      0.1171616120
   48      1.0000014007      1.9522446435      0.0127269520      0.3488524773      0.1209623996
   49      1.0000014305      1.9357786895      0.0132058579      0.3449747038      0.1247536401
   50      1.0000014603      1.9197773724      0.0136952413      0.3411719829      0.1285343207
   51      1.0000014901      1.9042168632      0.0141950117      0.3374462242      0.1323035235
   52      1.0000015199      1.8890749676      0.0147050686      0.3337994536      0.1360604180
   53      1.0000015497      1.8743309859      0.0152253025      0.3302335592      0.1398042533
   54      1.0000015795      1.8599655858      0.0157555965      0.3267500449      0.1435343511
   55      1.0000016093      1.8459606894      0.0162958264      0.3233490393      0.1472501000
   56      1.0000016391      1.8322993705      0.0168458623      0.3200308535      0.1509509493
   57      1.0000016689      1.8189657622      0.0174055691      0.3167962141      0.1546364045
   58      1.0000016987      1.8059449732      0.0179748070      0.3136437704      0.1583060223
   59      1.0000017285      1.7932230125      0.0185534326      0.3105727185      0.1619594065
   60      1.0000017583      1.7807867204      0.0191412992      0.3075820391      0.1655962041
   61      1.0000017881      1.7686237065      0.0197382575      0.3046735735      0.1692161021
   62      1.0000018179      1.7567222927      0.0203441559      0.3018602515      0.1728188238
   63      1.0000018477      1.7450714616      0.0209588413      0.2991292596      0.1764041265
   64      1.0000018775      1.7336608095      0.0215821593      0.2964730484      0.1799717984
   65      1.0000019074      1.7224805035      0.0222139547      0.2938899071      0.1835216563
   66      1.0000019372      1.7115212415      0.0228540717      0.2913780859      0.1870535434
   67      1.0000019670      1.7007742168      0.0235023544      0.2889361573      0.1905673272
   68      1.0000019968      1.6902310846      0.0241586470      0.2865625015      0.1940628976
   69      1.0000020266      1.6798839317      0.0248227942      0.2842545869      0.1975401655
   70      1.0000020564      1.6697252486      0.0254946410      0.2820104901      0.2009990607
   71      1.0000020862      1.6597479035      0.0261740337      0.2798283832      0.2044395308
   72      1.0000021160      1.6499451191      0.0268608194      0.2777086964      0.2078615397
   73      1.0000021458      1.6403104500      0.0275548464      0.2756469776      0.2112650664
   74      1.0000021756      1.6308377630      0.0282559644      0.2736413481      0.2146501038
   75      1.0000022054      1.6215212181      0.0289640246      0.2716900561      0.2180166577
   76      1.0000022352      1.6123552513      0.0296788801      0.2697911827      0.2213647460
   77      1.0000022650      1.6033345583      0.0304003853      0.2679427307      0.2246943971
   78      1.0000022948      1.5944540798      0.0311283969      0.2661428566      0.2280056501
   79      1.0000023246      1.5857089874      0.0318627731      0.2643897572      0.2312985530
   80      1.0000023544      1.5770946709      0.0326033746      0.2626816886      0.2345731626
   81      1.0000023842      1.5686067261      0.0333500637      0.2610169454      0.2378295436
   82      1.0000024140      1.5602409436      0.0341027051      0.2593938640      0.2410677679
   83      1.0000024438      1.5519932986      0.0348611655      0.2578108251      0.2442879141
   84      1.0000024736      1.5438599406      0.0356253140      0.2562662563      0.2474900671
   85      1.0000025034      1.5358371849      0.0363950218      0.2547586323      0.2506743172
   86      1.0000025332      1.5279215034      0.0371701622      0.2532864682      0.2538407598
   87      1.0000025630      1.5201095172      0.0379506110      0.2518483302      0.2569894953
   88      1.0000025928      1.5123979886      0.0387362462      0.2504428265      0.2601206281
   89      1.0000026226      1.5047838142      0.0395269479      0.2490686240      0.2632342664
   90      1.0000026524      1.4972640185      0.0403225987      0.2477244148      0.2663305221
   91      1.0000026822      1.4898357474      0.0411230833      0.2464089453      0.2694095100
   92      1.0000027120      1.4824962623      0.0419282887      0.2451210127      0.2724713480
   93      1.0000027418      1.4752429350      0.0427381040      0.2438594550      0.2755161564
   94      1.0000027716      1.4680732417      0.0435524207      0.2426231517      0.2785440575
   95      1.0000028014      1.4609847592      0.0443711325      0.2414110227      0.2815551759
   96      1.0000028312      1.4539751593      0.0451941349      0.2402220488      0.2845496378
   97      1.0000028610      1.4470422048      0.0460213261      0.2390552227      0.2875275707
   98      1.0000028908      1.4401837454      0.0468526058      0.2379095886      0.2904891037
   99      1.0000029206      1.4333977139      0.0476878763      0.2367842289      0.2934343666
  100      1.0000029504      1.4266821221      0.0485270417      0.2356782635      0.2963634903
  101      1.0000029802      1.4200350576      0.0493700080      0.2345908501      0.2992766062
  102      1.0000030100      1.4134546807      0.0502166834      0.2335211814      0.3021738465
  103      1.0000030398      1.4069392204      0.0510669779      0.2324684843      0.3050553434
  104      1.0000030696      1.4004869725      0.0519208034      0.2314327349      0.3079212295
  105      1.0000030994      1.3940962959      0.0527780738      0.2304226490      0.3107716376
  106      1.0000031292      1.3877656104      0.0536387047      0.2294279798      0.3136067001
  107      1.0000031591      1.3814933938      0.0545026135      0.2284477615      0.3164265495
  108      1.0000031889      1.3752781798      0.0553697194      0.2274809243      0.3192313180
  109      1.0000032187      1.3691185552      0.0562399432      0.2265268780      0.3220211373
  110      1.0000032485      1.3630131584      0.0571132074      0.2255850592      0.3247961386
  111      1.0000032783      1.3569606765      0.0579894364      0.2246593827      0.3275564527
  112      1.0000033081      1.3509598439      0.0588685558      0.2237488005      0.3303022095
  113      1.0000033379      1.3450094401      0.0597504929      0.2228500549      0.3330335385
  114      1.0000033677      1.3391082877      0.0606351766      0.2219614070      0.3357505681
  115      1.0000033975      1.3332552513      0.0615225372      0.2210823078      0.3384534259
  116      1.0000034273      1.3274492351      0.0624125064      0.2202123378      0.3411422386
  117      1.0000034571      1.3216891817      0.0633050175      0.2193510979      0.3438171321
  118      1.0000034869      1.3159740707      0.0642000049      0.2184982082      0.3464782310
  119      1.0000035167      1.3103029167      0.0650974045      0.2176533076      0.3491256590
  120      1.0000035465      1.3046747686      0.0659971534      0.2168160528      0.3517595386
  121      1.0000035763      1.2990887078      0.0668991900      0.2159861175      0.3543799911
  122      1.0000036061      1.2935438472      0.0678034540      0.2151631920      0.3569871368
  123      1.0000036359      1.2880393296      0.0687098862      0.2143469820      0.3595810947
  124      1.0000036657      1.2825743272      0.0696184286      0.2135372080      0.3621619825
  125      1.0000036955      1.2771480397      0.0705290242      0.2127336050      0.3647299166
  126      1.0000037253      1.2717596940      0.0714416174      0.2119359217      0.3672850123
  127      1.0000037551      1.2664085424      0.0723561532      0.2111439197      0.3698273834
  128      1.0000037849      1.2610938623      0.0732725781      0.2103573729      0.3723571426
  129      1.0000038147      1.2558149549      0.0741908393      0.2095760672      0.3748744011
  130      1.0000038445      1.2505711445      0.0751108851      0.2087998000      0.3773792687
  131      1.0000038743      1.2453617774      0.0760326648      0.2080283791      0.3798718542
  132      1.0000039041      1.2401862211      0.0769561285      0.2072616228      0.3823522646
  133      1.0000039339      1.2350438637      0.0778812272      0.2064993593      0.3848206059
  134      1.0000039637      1.2299341133      0.0788079128      0.2057414260      0.3872769825
  135      1.0000039935      1.2248563965      0.0797361381      0.2049876691      0.3897214976
  136      1.0000040233      1.2198101586      0.0806658566      0.2042379434      0.3921542529
  137      1.0000040531      1.2147948625      0.0815970228      0.2034921118      0.3945753490
  138      1.0000040829      1.2098099877      0.0825295917      0.2027500447      0.3969848848
  139      1.0000041127      1.2048550306      0.0834635192      0.2020116200      0.3993829580
  140      1.0000041425      1.1999295030      0.0843987621      0.2012767223      0.4017696652
  141      1.0000041723      1.1950329320      0.0853352775      0.2005452429      0.4041451012
  142      1.0000042021      1.1901648594      0.0862730235      0.1998170793      0.4065093599
  143      1.0000042319      1.1853248409      0.0872119588      0.1990921351      0.4088625337
  144      1.0000042617      1.1805124461      0.0881520428      0.1983703194      0.4112047136
  145      1.0000042915      1.1757272574      0.0890932353      0.1976515467      0.4135359895
  146      1.0000043213      1.1709688701      0.0900354970      0.1969357364      0.4158564498
  147      1.0000043511      1.1662368915      0.0909787891      0.1962228130      0.4181661818
  148      1.0000043810      1.1615309408      0.0919230732      0.1955127055      0.4204652716
  149      1.0000044108      1.1568506483      0.0928683118      0.1948053471      0.4227538038
  150      1.0000044406      1.1521956554      0.0938144678      0.1941006752      0.4250318620
  151      1.0000044704      1.1475656141      0.0947615044      0.1933987256      0.4272995285
  152      1.0000045002      1.1429601864      0.0957093857      0.1926993706      0.4295568843
  153      1.0000045300      1.1383790441      0.0966580761      0.1920025346      0.4318040093
  154      1.0000045598      1.1338218687      0.0976075405      0.1913081695      0.4340409823
  155      1.0000045896      1.1292883504      0.0985577444      0.1906162301      0.4362678809
  156      1.0000046194      1.1247781886      0.0995086535      0.1899266742      0.4384847815
  157      1.0000046492      1.1202910911      0.1004602344      0.1892394623      0.4406917593
  158      1.0000046790      1.1158267737      0.1014124537      0.1885545576      0.4428888886
  159      1.0000047088      1.1113849604      0.1023652787      0.1878719258      0.4450762424
  160      1.0000047386      1.1069653826      0.1033186770      0.1871915348      0.4472538929
  161      1.0000047684      1.1025677793      0.1042726166      0.1865133549      0.4494219109
  162      1.0000047982      1.0981918963      0.1052270662      0.1858373584      0.4515803664
  163      1.0000048280      1.0938374865      0.1061819944      0.1851635194      0.4537293283
  164      1.0000048578      1.0895043096      0.1071373706      0.1844918141      0.4558688644
  165      1.0000048876      1.0851921312      0.1080931644      0.1838222202      0.4579990417
  166      1.0000049174      1.0809007236      0.1090493457      0.1831547748      0.4601199260
  167      1.0000049472      1.0766298648      0.1100058850      0.1824894279      0.4622315822
  168      1.0000049770      1.0723793387      0.1109627530      0.1818261655      0.4643340745
  169      1.0000050068      1.0681489345      0.1119199206      0.1811649376      0.4664274659
  170      1.0000050366      1.0639384472      0.1128773594      0.1805057295      0.4685118185
  171      1.0000050664      1.0597476766      0.1138350409      0.1798485272      0.4705871936
  172      1.0000050962      1.0555764279      0.1147929374      0.1791933182      0.4726536516
  173      1.0000051260      1.0514245109      0.1157510211      0.1785400908      0.4747112521
  174      1.0000051558      1.0472917401      0.1167092648      0.1778888345      0.4767600536
  175      1.0000051856      1.0431779346      0.1176676413      0.1772395393      0.4788001141
  176      1.0000052154      1.0390829180      0.1186261242      0.1765921965      0.4808314905
  177      1.0000052452      1.0350065179      0.1195846868      0.1759467978      0.4828542392
  178      1.0000052750      1.0309485662      0.1205433032      0.1753033360      0.4848684155
  179      1.0000053048      1.0269088985      0.1215019475      0.1746618042      0.4868740741
  180      1.0000053346      1.0228873546      0.1224605941      0.1740221963      0.4888712689
  181      1.0000053644      1.0188837776      0.1234192178      0.1733845069      0.4908600531
  182      1.0000053942      1.0148980145      0.1243777936      0.1727487316      0.4928404791
  183      1.0000054240      1.0109299156      0.1253362967      0.1721149521      0.4948125987
  184      1.0000054538      1.0069793346      0.1262947028      0.1714830749      0.4967764628
  185      1.0000054836      1.0030461283      0.1272529875      0.1708530966      0.4987321219
  186      1.0000055134      0.9991301569      0.1282111270      0.1702250140      0.5006796256
  187      1.0000055432      0.9952312834      0.1291690976      0.1695988242      0.5026190228
  188      1.0000055730      0.9913493738      0.1301268758      0.1689745247      0.5045503621
  189      1.0000056029      0.9874842969      0.1310844384      0.1683521134      0.5064736910
  190      1.0000056327      0.9836359244      0.1320417625      0.1677315883      0.5083890567
  191      1.0000056625      0.9798041304      0.1329988255      0.1671129477      0.5102965058
  192      1.0000056923      0.9759887918      0.1339556047      0.1664961900      0.5121960840
  193      1.0000057221      0.9721897879      0.1349120780      0.1658813141      0.5140878368
  194      1.0000057519      0.9684070004      0.1358682234      0.1652683188      0.5159718089
  195      1.0000057817      0.9646403134      0.1368240191      0.1646572030      0.5178480444
  196      1.0000058115      0.9608896131      0.1377794436      0.1640479660      0.5197165871
  197      1.0000058413      0.9571547880      0.1387344755      0.1634406071      0.5215774799
  198      1.0000058711      0.9534357288      0.1396890937      0.1628352534      0.5234307656
  199      1.0000059009      0.9497323280      0.1406432774      0.1622318458      0.5252764861
  200      1.0000059307      0.9460444804      0.1415970059      0.1616303091      0.5271146831
  201      1.0000059605      0.9423720826      0.1425502587      0.1610306429      0.5289453975
  202      1.0000059903      0.9387150329      0.1435030156      0.1604328471      0.5307686700
  203      1.0000060201      0.9350732317      0.1444552567      0.1598369214      0.5325845406
  204      1.0000060499      0.9314465808      0.1454069620      0.1592428656      0.5343930491
  205      1.0000060797      0.9278349841      0.1463581119      0.1586507289      0.5361942345
  206      1.0000061095      0.9242383469      0.1473086871      0.1580605560      0.5379881356
  207      1.0000061393      0.9206565761      0.1482586684      0.1574722485      0.5397747907
  208      1.0000061691      0.9170895803      0.1492080368      0.1568858063      0.5415542376
  209      1.0000061989      0.9135372694      0.1501567734      0.1563012292      0.5433265139
  210      1.0000062287      0.9099995548      0.1511048597      0.1557185170      0.5450916566
  211      1.0000062585      0.9064763496      0.1520522772      0.1551376697      0.5468497022
  212      1.0000062883      0.9029675678      0.1529990078      0.1545586868      0.5486006871
  213      1.0000063181      0.8994731251      0.1539450335      0.1539815681      0.5503446471
  214      1.0000063479      0.8959929384      0.1548903364      0.1534063133      0.5520816176
  215      1.0000063777      0.8925269258      0.1558348989      0.1528329218      0.5538116339
  216      1.0000064075      0.8890750065      0.1567787035      0.1522613955      0.5555347305
  217      1.0000064373      0.8856371012      0.1577217331      0.1516917330      0.5572509419
  218      1.0000064671      0.8822131316      0.1586639705      0.1511239321      0.5589603022
  219      1.0000064969      0.8788030202      0.1596053989      0.1505579922      0.5606628451
  220      1.0000065267      0.8754066912      0.1605460016      0.1499939124      0.5623586038
  221      1.0000065565      0.8720240693      0.1614857620      0.1494316920      0.5640476115
  222      1.0000065863      0.8686550805      0.1624246638      0.1488713300      0.5657299009
  223      1.0000066161      0.8652996518      0.1633626910      0.1483128255      0.5674055043
  224      1.0000066459      0.8619577110      0.1642998274      0.1477561773      0.5690744538
  225      1.0000066757      0.8586291870      0.1652360573      0.1472013842      0.5707367813
  226      1.0000067055      0.8553140096      0.1661713652      0.1466484451      0.5723925182
  227      1.0000067353      0.8520121093      0.1671057354      0.1460973586      0.5740416957
  228      1.0000067651      0.8487234177      0.1680391529      0.1455481234      0.5756843448
  229      1.0000067950      0.8454478671      0.1689716024      0.1450007377      0.5773204960
  230      1.0000068248      0.8421853907      0.1699030691      0.1444552002      0.5789501798
  231      1.0000068546      0.8389359225      0.1708335383      0.1439115092      0.5805734261
  232      1.0000068844      0.8356993972      0.1717629952      0.1433696628      0.5821902649
  233      1.0000069142      0.8324757502      0.1726914256      0.1428296593      0.5838007257
  234      1.0000069440      0.8292649178      0.1736188151      0.1422914967      0.5854048379
  235      1.0000069738      0.8260668369      0.1745451497      0.1417551730      0.5870026304
  236      1.0000070036      0.8228814451      0.1754704155      0.1412206861      0.5885941322
  237      1.0000070334      0.8197086809      0.1763945987      0.1406880339      0.5901793717
  238      1.0000070632      0.8165484830      0.1773176858      0.1401572141      0.5917583774
  239      1.0000070930      0.8134007912      0.1782396633      0.1396282243      0.5933311773
  240      1.0000071228      0.8102655457      0.1791605179      0.1391010622      0.5948977994
  241      1.0000071526      0.8071426873      0.1800802366      0.1385757253      0.5964582713
  242      1.0000071824      0.8040321575      0.1809988063      0.1380522110      0.5980126204
  243      1.0000072122      0.8009338984      0.1819162144      0.1375305166      0.5995608740
  244      1.0000072420      0.7978478525      0.1828324482      0.1370106395      0.6011030591
  245      1.0000072718      0.7947739630      0.1837474952      0.1364925767      0.6026392026
  246      1.0000073016      0.7917121736      0.1846613431      0.1359763256      0.6041693309
  247      1.0000073314      0.7886624286      0.1855739798      0.1354618830      0.6056934707
  248      1.0000073612      0.7856246726      0.1864853932      0.1349492461      0.6072116479
  249      1.0000073910      0.7825988510      0.1873955714      0.1344384116      0.6087238888
  250      1.0000074208      0.7795849095      0.1883045029      0.1339293766      0.6102302191
  251      1.0000074506      0.7765827943      0.1892121759      0.1334221377      0.6117306644
  252      1.0000074804      0.7735924520      0.1901185791      0.1329166917      0.6132252503
  253      1.0000075102      0.7706138300      0.1910237013      0.1324130352      0.6147140019
  254      1.0000075400      0.7676468757      0.1919275314      0.1319111648      0.6161969445
  255      1.0000075698      0.7646915372      0.1928300583      0.1314110771      0.6176741029
  256      1.0000075996      0.7617477631      0.1937312712      0.1309127685      0.6191455020
  257      1.0000076294      0.7588155021      0.1946311595      0.1304162355      0.6206111662
  258      1.0000076592      0.7558947036      0.1955297127      0.1299214744      0.6220711201
  259      1.0000076890      0.7529853173      0.1964269203      0.1294284814      0.6235253879
  260      1.0000077188      0.7500872934      0.1973227721      0.1289372529      0.6249739937
  261      1.0000077486      0.7472005823      0.1982172580      0.1284477850      0.6264169614
  262      1.0000077784      0.7443251349      0.1991103681      0.1279600739      0.6278543148
  263      1.0000078082      0.7414609024      0.2000020924      0.1274741157      0.6292860776
  264      1.0000078380      0.7386078364      0.2008924214      0.1269899064      0.6307122733
  265      1.0000078678      0.7357658890      0.2017813454      0.1265074420      0.6321329252
  266      1.0000078976      0.7329350124      0.2026688550      0.1260267184      0.6335480564
  267      1.0000079274      0.7301151593      0.2035549410      0.1255477317      0.6349576901
  268      1.0000079573      0.7273062827      0.2044395942      0.1250704775      0.6363618492
  269      1.0000079871      0.7245083359      0.2053228056      0.1245949518      0.6377605563
  270      1.0000080169      0.7217212725      0.2062045663      0.1241211504      0.6391538342
  271      1.0000080467      0.7189450465      0.2070848675      0.1236490689      0.6405417053
  272      1.0000080765      0.7161796122      0.2079637006      0.1231787031      0.6419241920
  273      1.0000081063      0.7134249242      0.2088410571      0.1227100487      0.6433013166
  274      1.0000081361      0.7106809374      0.2097169287      0.1222431012      0.6446731010
  275      1.0000081659      0.7079476069      0.2105913071      0.1217778563      0.6460395673
  276      1.0000081957      0.7052248882      0.2114641841      0.1213143096      0.6474007374
  277      1.0000082255      0.7025127371      0.2123355519      0.1208524565      0.6487566329
  278      1.0000082553      0.6998111096      0.2132054026      0.1203922926      0.6501072754
  279      1.0000082851      0.6971199619      0.2140737283      0.1199338133      0.6514526864
  280      1.0000083149      0.6944392508      0.2149405215      0.1194770141      0.6527928873
  281      1.0000083447      0.6917689331      0.2158057747      0.1190218904      0.6541278993
  282      1.0000083745      0.6891089657      0.2166694805      0.1185684377      0.6554577435
  283      1.0000084043      0.6864593063      0.2175316316      0.1181166511      0.6567824409
  284      1.0000084341      0.6838199123      0.2183922210      0.1176665262      0.6581020123
  285      1.0000084639      0.6811907416      0.2192512415      0.1172180582      0.6594164787
  286      1.0000084937      0.6785717524      0.2201086863      0.1167712423      0.6607258606
  287      1.0000085235      0.6759629030      0.2209645487      0.1163260740      0.6620301786
  288      1.0000085533      0.6733641520      0.2218188218      0.1158825483      0.6633294531
  289      1.0000085831      0.6707754583      0.2226714993      0.1154406607      0.6646237045
  290      1.0000086129      0.6681967810      0.2235225745      0.1150004062      0.6659129529
  291      1.0000086427      0.6656280793      0.2243720413      0.1145617801      0.6671972186
  292      1.0000086725      0.6630693128      0.2252198934      0.1141247775      0.6684765216
  293      1.0000087023      0.6605204413      0.2260661246      0.1136893937      0.6697508817
  294      1.0000087321      0.6579814246      0.2269107290      0.1132556237      0.6710203188
  295      1.0000087619      0.6554522231      0.2277537006      0.1128234627      0.6722848526
  296      1.0000087917      0.6529327971      0.2285950338      0.1123929059      0.6735445027
  297      1.0000088215      0.6504231071      0.2294347228      0.1119639484      0.6747992887
  298      1.0000088513      0.6479231142      0.2302727621      0.1115365852      0.6760492299
  299      1.0000088811      0.6454327792      0.2311091461      0.1111108114      0.6772943457
  300      1.0000089109      0.6429520634      0.2319438696      0.1106866221      0.6785346553
  301      1.0000089407      0.6404809283      0.2327769272      0.1102640124      0.6797701780
  302      1.0000089705      0.6380193354      0.2336083139      0.1098429773      0.6810009326
  303      1.0000090003      0.6355672466      0.2344380245      0.1094235118      0.6822269382
  304      1.0000090301      0.6331246240      0.2352660542      0.1090056111      0.6834482136
  305      1.0000090599      0.6306914297      0.2360923981      0.1085892702      0.6846647775
  306      1.0000090897      0.6282676262      0.2369170513      0.1081744841      0.6858766488
  307      1.0000091196      0.6258531760      0.2377400094      0.1077612477      0.6870838460
  308      1.0000091494      0.6234480419      0.2385612677      0.1073495562      0.6882863875
  309      1.0000091792      0.6210521868      0.2393808217      0.1069394046      0.6894842918
  310      1.0000092090      0.6186655740      0.2401986671      0.1065307878      0.6906775772
  311      1.0000092388      0.6162881667      0.2410147997      0.1061237009      0.6918662621
  312      1.0000092686      0.6139199285      0.2418292152      0.1057181389      0.6930503644
  313      1.0000092984      0.6115608229      0.2426419097      0.1053140968      0.6942299024
  314      1.0000093282      0.6092108139      0.2434528790      0.1049115695      0.6954048939
  315      1.0000093580      0.6068698654      0.2442621193      0.1045105522      0.6965753570
  316      1.0000093878      0.6045379417      0.2450696269      0.1041110397      0.6977413095
  317      1.0000094176      0.6022150071      0.2458753979      0.1037130272      0.6989027690
  318      1.0000094474      0.5999010261      0.2466794288      0.1033165095      0.7000597533
  319      1.0000094772      0.5975959634      0.2474817160      0.1029214818      0.7012122800
  320      1.0000095070      0.5952997839      0.2482822561      0.1025279390      0.7023603665
  321      1.0000095368      0.5930124525      0.2490810457      0.1021358760      0.7035040304
  322      1.0000095666      0.5907339345      0.2498780816      0.1017452881      0.7046432889
  323      1.0000095964      0.5884641952      0.2506733605      0.1013561700      0.7057781593
  324      1.0000096262      0.5862032001      0.2514668794      0.1009685169      0.7069086589
  325      1.0000096560      0.5839509148      0.2522586353      0.1005823238      0.7080348047
  326      1.0000096858      0.5817073051      0.2530486251      0.1001975856      0.7091566138
  327      1.0000097156      0.5794723371      0.2538368461      0.0998142975      0.7102741032
  328      1.0000097454      0.5772459767      0.2546232954      0.0994324545      0.7113872898
  329      1.0000097752      0.5750281902      0.2554079705      0.0990520515      0.7124961904
  330      1.0000098050      0.5728189442      0.2561908686      0.0986730836      0.7136008217
  331      1.0000098348      0.5706182050      0.2569719872      0.0982955460      0.7147012005
  332      1.0000098646      0.5684259395      0.2577513239      0.0979194335      0.7157973434
  333      1.0000098944      0.5662421145      0.2585288763      0.0975447413      0.7168892668
  334      1.0000099242      0.5640666970      0.2593046420      0.0971714645      0.7179769873
  335      1.0000099540      0.5618996541      0.2600786190      0.0967995981      0.7190605212
  336      1.0000099838      0.5597409531      0.2608508050      0.0964291372      0.7201398849
  337      1.0000100136      0.5575905615      0.2616211979      0.0960600769      0.7212150946
  338      1.0000100434      0.5554484468      0.2623897957      0.0956924122      0.7222861666
  339      1.0000100732      0.5533145767      0.2631565966      0.0953261383      0.7233531168
  340      1.0000101030      0.5511889191      0.2639215987      0.0949612504      0.7244159615
  341      1.0000101328      0.5490714419      0.2646848001      0.0945977434      0.7254747165
  342      1.0000101626      0.5469621133      0.2654461992      0.0942356125      0.7265293977
  343      1.0000101924      0.5448609015      0.2662057943      0.0938748529      0.7275800211
  344      1.0000102222      0.5427677750      0.2669635839      0.0935154598      0.7286266024
  345      1.0000102521      0.5406827023      0.2677195664      0.0931574281      0.7296691574
  346      1.0000102819      0.5386056519      0.2684737404      0.0928007532      0.7307077015
  347      1.0000103117      0.5365365928      0.2692261046      0.0924454302      0.7317422506
  348      1.0000103415      0.5344754938      0.2699766576      0.0920914543      0.7327728200
  349      1.0000103713      0.5324223240      0.2707253983      0.0917388206      0.7337994252
  350      1.0000104011      0.5303770526      0.2714723254      0.0913875244      0.7348220816
  351      1.0000104309      0.5283396489      0.2722174378      0.0910375609      0.7358408045
  352      1.0000104607      0.5263100823      0.2729607346      0.0906889253      0.7368556093
  353      1.0000104905      0.5242883224      0.2737022147      0.0903416128      0.7378665111
  354      1.0000105203      0.5222743389      0.2744418771      0.0899956187      0.7388735250
  355      1.0000105501      0.5202681016      0.2751797212      0.0896509382      0.7398766661
  356      1.0000105799      0.5182695805      0.2759157461      0.0893075666      0.7408759494
  357      1.0000106097      0.5162787457      0.2766499510      0.0889654992      0.7418713899
  358      1.0000106395      0.5142955672      0.2773823353      0.0886247312      0.7428630025
  359      1.0000106693      0.5123200155      0.2781128983      0.0882852580      0.7438508020
  360      1.0000106991      0.5103520610      0.2788416396      0.0879470749      0.7448348031
  361      1.0000107289      0.5083916743      0.2795685587      0.0876101771      0.7458150206
  362      1.0000107587      0.5064388260      0.2802936550      0.0872745601      0.7467914692
  363      1.0000107885      0.5044934869      0.2810169283      0.0869402191      0.7477641633
  364      1.0000108183      0.5025556279      0.2817383782      0.0866071496      0.7487331176
  365      1.0000108481      0.5006252201      0.2824580044      0.0862753468      0.7496983465
  366      1.0000108779      0.4987022347      0.2831758069      0.0859448062      0.7506598645
  367      1.0000109077      0.4967866429      0.2838917853      0.0856155232      0.7516176858
  368      1.0000109375      0.4948784160      0.2846059396      0.0852874932      0.7525718249
  369      1.0000109673      0.4929775257      0.2853182697      0.0849607116      0.7535222958
  370      1.0000109971      0.4910839435      0.2860287758      0.0846351738      0.7544691129
  371      1.0000110269      0.4891976412      0.2867374577      0.0843108752      0.7554122901
  372      1.0000110567      0.4873185906      0.2874443157      0.0839878114      0.7563518417
  373      1.0000110865      0.4854467636      0.2881493500      0.0836659778      0.7572877816
  374      1.0000111163      0.4835821325      0.2888525606      0.0833453698      0.7582201238
  375      1.0000111461      0.4817246692      0.2895539479      0.0830259831      0.7591488821
  376      1.0000111759      0.4798743462      0.2902535123      0.0827078130      0.7600740704
  377      1.0000112057      0.4780311358      0.2909512540      0.0823908551      0.7609957026
  378      1.0000112355      0.4761950106      0.2916471735      0.0820751049      0.7619137923
  379      1.0000112653      0.4743659432      0.2923412712      0.0817605580      0.7628283531
  380      1.0000112951      0.4725439064      0.2930335478      0.0814472100      0.7637393989
  381      1.0000113249      0.4707288729      0.2937240036      0.0811350564      0.7646469430
  382      1.0000113547      0.4689208158      0.2944126393      0.0808240927      0.7655509991
  383      1.0000113846      0.4671197082      0.2950994556      0.0805143147      0.7664515805
  384      1.0000114144      0.4653255231      0.2957844532      0.0802057179      0.7673487008
  385      1.0000114442      0.4635382338      0.2964676327      0.0798982979      0.7682423731
  386      1.0000114740      0.4617578139      0.2971489951      0.0795920504      0.7691326110
  387      1.0000115038      0.4599842366      0.2978285410      0.0792869710      0.7700194276
  388      1.0000115336      0.4582174758      0.2985062715      0.0789830554      0.7709028360
  389      1.0000115634      0.4564575049      0.2991821873      0.0786802993      0.7717828496
  390      1.0000115932      0.4547042980      0.2998562894      0.0783786983      0.7726594812
  391      1.0000116230      0.4529578288      0.3005285789      0.0780782482      0.7735327441
  392      1.0000116528      0.4512180713      0.3011990568      0.0777789447      0.7744026511
  393      1.0000116826      0.4494849998      0.3018677241      0.0774807836      0.7752692152
  394      1.0000117124      0.4477585883      0.3025345821      0.0771837605      0.7761324494
  395      1.0000117422      0.4460388113      0.3031996317      0.0768878712      0.7769923664
  396      1.0000117720      0.4443256432      0.3038628743      0.0765931116      0.7778489790
  397      1.0000118018      0.4426190584      0.3045243111      0.0762994773      0.7787023000
  398      1.0000118316      0.4409190316      0.3051839433      0.0760069642      0.7795523420
  399      1.0000118614      0.4392255376      0.3058417722      0.0757155682      0.7803991178
  400      1.0000118912      0.4375385510      0.3064977993      0.0754252850      0.7812426398
  401      1.0000119210      0.4358580470      0.3071520259      0.0751361104      0.7820829206
  402      1.0000119508      0.4341840004      0.3078044534      0.0748480404      0.7829199727
  403      1.0000119806      0.4325163864      0.3084550833      0.0745610708      0.7837538086
  404      1.0000120104      0.4308551802      0.3091039171      0.0742751975      0.7845844406
  405      1.0000120402      0.4292003572      0.3097509563      0.0739904164      0.7854118810
  406      1.0000120700      0.4275518927      0.3103962025      0.0737067234      0.7862361423
  407      1.0000120998      0.4259097622      0.3110396573      0.0734241144      0.7870572365
  408      1.0000121296      0.4242739414      0.3116813223      0.0731425853      0.7878751760
  409      1.0000121594      0.4226444059      0.3123211992      0.0728621322      0.7886899728
  410      1.0000121892      0.4210211315      0.3129592896      0.0725827509      0.7895016391
  411      1.0000122190      0.4194040942      0.3135955954      0.0723044375      0.7903101869
  412      1.0000122488      0.4177932699      0.3142301183      0.0720271879      0.7911156283
  413      1.0000122786      0.4161886346      0.3148628601      0.0717509981      0.7919179751
  414      1.0000123084      0.4145901646      0.3154938226      0.0714758643      0.7927172393
  415      1.0000123382      0.4129978361      0.3161230077      0.0712017823      0.7935134328
  416      1.0000123680      0.4114116254      0.3167504172      0.0709287482      0.7943065674
  417      1.0000123978      0.4098315091      0.3173760531      0.0706567582      0.7950966549
  418      1.0000124276      0.4082574636      0.3179999174      0.0703858082      0.7958837070
  419      1.0000124574      0.4066894655      0.3186220120      0.0701158944      0.7966677353
  420      1.0000124873      0.4051274917      0.3192423390      0.0698470128      0.7974487516
  421      1.0000125171      0.4035715189      0.3198609003      0.0695791597      0.7982267674
  422      1.0000125469      0.4020215240      0.3204776981      0.0693123310      0.7990017942
  423      1.0000125767      0.4004774840      0.3210927344      0.0690465229      0.7997738436
  424      1.0000126065      0.3989393760      0.3217060114      0.0687817317      0.8005429270
  425      1.0000126363      0.3974071772      0.3223175311      0.0685179534      0.8013090559
  426      1.0000126661      0.3958808647      0.3229272959      0.0682551842      0.8020722416
  427      1.0000126959      0.3943604161      0.3235353079      0.0679934204      0.8028324954
  428      1.0000127257      0.3928458086      0.3241415692      0.0677326581      0.8035898286
  429      1.0000127555      0.3913370199      0.3247460823      0.0674728936      0.8043442525
  430      1.0000127853      0.3898340275      0.3253488493      0.0672141230      0.8050957782
  431      1.0000128151      0.3883368091      0.3259498725      0.0669563427      0.8058444169
  432      1.0000128449      0.3868453426      0.3265491544      0.0666995489      0.8065901797
  433      1.0000128747      0.3853596057      0.3271466972      0.0664437379      0.8073330776
  434      1.0000129045      0.3838795765      0.3277425033      0.0661889059      0.8080731218
  435      1.0000129343      0.3824052330      0.3283365751      0.0659350492      0.8088103231
  436      1.0000129641      0.3809365534      0.3289289151      0.0656821643      0.8095446925
  437      1.0000129939      0.3794735157      0.3295195257      0.0654302473      0.8102762409
  438      1.0000130237      0.3780160984      0.3301084093      0.0651792947      0.8110049792
  439      1.0000130535      0.3765642798      0.3306955685      0.0649293027      0.8117309181
  440      1.0000130833      0.3751180384      0.3312810058      0.0646802678      0.8124540684
  441      1.0000131131      0.3736773527      0.3318647237      0.0644321863      0.8131744409
  442      1.0000131429      0.3722422014      0.3324467248      0.0641850546      0.8138920462
  443      1.0000131727      0.3708125631      0.3330270116      0.0639388691      0.8146068949
  444      1.0000132025      0.3693884168      0.3336055867      0.0636936263      0.8153189978
  445      1.0000132323      0.3679697411      0.3341824528      0.0634493226      0.8160283652
  446      1.0000132621      0.3665565152      0.3347576126      0.0632059543      0.8167350078
  447      1.0000132919      0.3651487180      0.3353310685      0.0629635180      0.8174389361
  448      1.0000133217      0.3637463288      0.3359028235      0.0627220101      0.8181401604
  449      1.0000133515      0.3623493266      0.3364728800      0.0624814271      0.8188386912
  450      1.0000133813      0.3609576907      0.3370412410      0.0622417655      0.8195345388
  451      1.0000134111      0.3595714006      0.3376079090      0.0620030219      0.8202277135
  452      1.0000134409      0.3581904357      0.3381728869      0.0617651926      0.8209182257
  453      1.0000134707      0.3568147755      0.3387361774      0.0615282743      0.8216060855
  454      1.0000135005      0.3554443996      0.3392977833      0.0612922635      0.8222913031
  455      1.0000135303      0.3540792876      0.3398577075      0.0610571567      0.8229738888
  456      1.0000135601      0.3527194195      0.3404159526      0.0608229506      0.8236538526
  457      1.0000135900      0.3513647749      0.3409725217      0.0605896416      0.8243312046
  458      1.0000136198      0.3500153338      0.3415274175      0.0603572265      0.8250059548
  459      1.0000136496      0.3486710762      0.3420806430      0.0601257017      0.8256781133
  460      1.0000136794      0.3473319822      0.3426322009      0.0598950640      0.8263476901
  461      1.0000137092      0.3459980319      0.3431820943      0.0596653099      0.8270146949
  462      1.0000137390      0.3446692056      0.3437303260      0.0594364361      0.8276791378
  463      1.0000137688      0.3433454835      0.3442768989      0.0592084392      0.8283410286
  464      1.0000137986      0.3420268461      0.3448218161      0.0589813160      0.8290003771
  465      1.0000138284      0.3407132737      0.3453650805      0.0587550630      0.8296571930
  466      1.0000138582      0.3394047469      0.3459066951      0.0585296770      0.8303114861
  467      1.0000138880      0.3381012464      0.3464466628      0.0583051547      0.8309632661
  468      1.0000139178      0.3368027527      0.3469849867      0.0580814928      0.8316125427
  469      1.0000139476      0.3355092467      0.3475216699      0.0578586880      0.8322593255
  470      1.0000139774      0.3342207092      0.3480567152      0.0576367371      0.8329036240
  471      1.0000140072      0.3329371211      0.3485901259      0.0574156368      0.8335454478
  472      1.0000140370      0.3316584633      0.3491219049      0.0571953839      0.8341848064
  473      1.0000140668      0.3303847169      0.3496520553      0.0569759751      0.8348217094
  474      1.0000140966      0.3291158630      0.3501805803      0.0567574073      0.8354561661
  475      1.0000141264      0.3278518829      0.3507074828      0.0565396772      0.8360881859
  476      1.0000141562      0.3265927578      0.3512327661      0.0563227817      0.8367177782
  477      1.0000141860      0.3253384689      0.3517564333      0.0561067176      0.8373449524
  478      1.0000142158      0.3240889979      0.3522784874      0.0558914816      0.8379697177
  479      1.0000142456      0.3228443260      0.3527989317      0.0556770708      0.8385920834
  480      1.0000142754      0.3216044350      0.3533177693      0.0554634818      0.8392120587
