# time   trace   domains   purity   coherence  equireached
    1      1.0000000000      6.5454545455      0.0010822511      0.0000000000      0.0000000000
    2      1.0000000298      6.0000001788      0.0004673357      0.5454545915      0.0000000000
    3      1.0000000596      5.5454548760      0.0004196608      0.6703431403      0.0000000000
    4      1.0000000894      5.1633001249      0.0004499966      0.7516934751      0.0000000000
    5      1.0000001192      4.8391034108      0.0005161275      0.7153677142      0.0000000000
    6      1.0000001490      4.5616340856      0.0006084549      0.7006650454      0.0000000000
    7      1.0000001788      4.3221307990      0.0007233232      0.6578932433      0.0000676407
    8      1.0000002086      4.1137242355      0.0008584124      0.6145524768      0.0002670165
    9      1.0000002384      3.9309938095      0.0010115543      0.5734636398      0.0006516487
   10      1.0000002682      3.7696313739      0.0011804317      0.5361401652      0.0012573832
   11      1.0000002980      3.6261872187      0.0013626169      0.5033113219      0.0021053268
   12      1.0000003278      3.4978781523      0.0015557276      0.4753292501      0.0032044757
   13      1.0000003576      3.3824420216      0.0017575897      0.4509907798      0.0045550646
   14      1.0000003874      3.2780268832      0.0019663548      0.4310918522      0.0061511191
   15      1.0000004172      3.1831060662      0.0021805635      0.4143273257      0.0079825494
   16      1.0000004470      3.0964126499      0.0023991585      0.4000631949      0.0100366706
   17      1.0000004768      3.0168885744      0.0026214644      0.3879380508      0.0122993274
   18      1.0000005066      2.9436448434      0.0028471451      0.3776536661      0.0147556869
   19      1.0000005364      2.8759301911      0.0030761515      0.3686115252      0.0173907956
   20      1.0000005662      2.8131062481      0.0033086667      0.3603203323      0.0201899591
   21      1.0000005960      2.7546277315      0.0035450525      0.3526833979      0.0231389925
   22      1.0000006258      2.7000265440      0.0037858022      0.3454120661      0.0262243792
   23      1.0000006557      2.6488989346      0.0040314992      0.3383002017      0.0294333629
   24      1.0000006855      2.6008950714      0.0042827823      0.3313078777      0.0327539929
   25      1.0000007153      2.5557105269      0.0045403178      0.3245688668      0.0361751363
   26      1.0000007451      2.5130792874      0.0048047770      0.3181567484      0.0396864673
   27      1.0000007749      2.4727679856      0.0050768193      0.3118814139      0.0432784424
   28      1.0000008047      2.4345711183      0.0053570788      0.3057220661      0.0469422645
   29      1.0000008345      2.3983070631      0.0056461558      0.2997250980      0.0506698421
   30      1.0000008643      2.3638147448      0.0059446095      0.2939968221      0.0544537453
   31      1.0000008941      2.3309508352      0.0062529547      0.2884113116      0.0582871605
   32      1.0000009239      2.2995873891      0.0065716592      0.2828903283      0.0621638457
   33      1.0000009537      2.2696098423      0.0069011429      0.2775354086      0.0660780869
   34      1.0000009835      2.2409153092      0.0072417782      0.2722938254      0.0700246563
   35      1.0000010133      2.2134111296      0.0075938911      0.2671426070      0.0739987730
   36      1.0000010431      2.1870136240      0.0079577626      0.2620963235      0.0779960661
   37      1.0000010729      2.1616470248      0.0083336308      0.2571481139      0.0820125402
   38      1.0000011027      2.1372425535      0.0087216932      0.2523097456      0.0860445435
   39      1.0000011325      2.1137376238      0.0091221092      0.2475880687      0.0900887388
   40      1.0000011623      2.0910751500      0.0095350023      0.2429844085      0.0941420759
   41      1.0000011921      2.0692029448      0.0099604629      0.2385026888      0.0982017674
   42      1.0000012219      2.0480731952      0.0103985507      0.2341461797      0.1022652661
   43      1.0000012517      2.0276420027      0.0108492968      0.2299154152      0.1063302440
   44      1.0000012815      2.0078689813      0.0113127066      0.2258218220      0.1103945739
   45      1.0000013113      1.9887169032      0.0117887616      0.2218599542      0.1144563122
   46      1.0000013411      1.9701513870      0.0122774215      0.2180238798      0.1185136832
   47      1.0000013709      1.9521406224      0.0127786264      0.2143105106      0.1225650651
   48      1.0000014007      1.9346551259      0.0132922986      0.2107184396      0.1266089770
   49      1.0000014305      1.9176675248      0.0138183443      0.2072458365      0.1306440675
   50      1.0000014603      1.9011523645      0.0143566551      0.2038905134      0.1346691035
   51      1.0000014901      1.8850859372      0.0149071098      0.2006499777      0.1386829612
   52      1.0000015199      1.8694461288      0.0154695757      0.1975216472      0.1426846166
   53      1.0000015497      1.8542122818      0.0160439099      0.1945029097      0.1466731380
   54      1.0000015795      1.8393650727      0.0166299604      0.1915908049      0.1506476785
   55      1.0000016093      1.8248864017      0.0172275675      0.1887825950      0.1546074691
   56      1.0000016391      1.8107592935      0.0178365647      0.1860740044      0.1585518130
   57      1.0000016689      1.7969678080      0.0184567795      0.1834618166      0.1624800797
   58      1.0000016987      1.7834969595      0.0190880346      0.1809428032      0.1663917001
   59      1.0000017285      1.7703326436      0.0197301483      0.1785137360      0.1702861616
   60      1.0000017583      1.7574615711      0.0203829356      0.1761714035      0.1741630042
   61      1.0000017881      1.7448712082      0.0210462089      0.1739126266      0.1780218160
   62      1.0000018179      1.7325497214      0.0217197784      0.1717342706      0.1818622303
   63      1.0000018477      1.7204859282      0.0224034526      0.1696332529      0.1856839217
   64      1.0000018775      1.7086692515      0.0230970392      0.1676065532      0.1894866030
   65      1.0000019074      1.6970896786      0.0238003453      0.1656512705      0.1932700231
   66      1.0000019372      1.6857377225      0.0245131778      0.1637645183      0.1970339634
   67      1.0000019670      1.6746043881      0.0252353438      0.1619435622      0.2007782360
   68      1.0000019968      1.6636811396      0.0259666514      0.1601858528      0.2045026816
   69      1.0000020266      1.6529598715      0.0267069093      0.1584884060      0.2082071668
   70      1.0000020564      1.6424328818      0.0274559275      0.1568486771      0.2118915827
   71      1.0000020862      1.6320928466      0.0282135176      0.1552642058      0.2155558430
   72      1.0000021160      1.6219327978      0.0289794928      0.1537326162      0.2191998822
   73      1.0000021458      1.6119461015      0.0297536682      0.1522516166      0.2228236543
   74      1.0000021756      1.6021264384      0.0305358612      0.1508190136      0.2264271310
   75      1.0000022054      1.5924677858      0.0313258913      0.1494327054      0.2300103007
   76      1.0000022352      1.5829644002      0.0321235803      0.1480906491      0.2335731672
   77      1.0000022650      1.5736108025      0.0329287528      0.1467909370      0.2371157483
   78      1.0000022948      1.5644017625      0.0337412358      0.1455316319      0.2406380752
   79      1.0000023246      1.5553322858      0.0345608589      0.1443108471      0.2441401908
   80      1.0000023544      1.5463976009      0.0353874547      0.1431268510      0.2476221493
   81      1.0000023842      1.5375931477      0.0362208586      0.1419779842      0.2510840152
   82      1.0000024140      1.5289145659      0.0370609088      0.1408626613      0.2545258622
   83      1.0000024438      1.5203576850      0.0379074463      0.1397793570      0.2579477728
   84      1.0000024736      1.5119185148      0.0387603151      0.1387266133      0.2613498373
   85      1.0000025034      1.5035932356      0.0396193624      0.1377030413      0.2647321532
   86      1.0000025332      1.4953781903      0.0404844379      0.1367073054      0.2680948248
   87      1.0000025630      1.4872698761      0.0413553945      0.1357381325      0.2714379621
   88      1.0000025928      1.4792649372      0.0422320881      0.1347943068      0.2747616807
   89      1.0000026226      1.4713601572      0.0431143773      0.1338746674      0.2780661010
   90      1.0000026524      1.4635524530      0.0440021237      0.1329781060      0.2813513479
   91      1.0000026822      1.4558388680      0.0448951919      0.1321035647      0.2846175501
   92      1.0000027120      1.4482165664      0.0457934491      0.1312500344      0.2878648401
   93      1.0000027418      1.4406828276      0.0466967655      0.1304165524      0.2910933532
   94      1.0000027716      1.4332350407      0.0476050139      0.1296022008      0.2943032277
   95      1.0000028014      1.4258706997      0.0485180700      0.1288061052      0.2974946042
   96      1.0000028312      1.4185873984      0.0494358121      0.1280274327      0.3006676253
   97      1.0000028610      1.4113828264      0.0503581210      0.1272653866      0.3038224356
   98      1.0000028908      1.4042547643      0.0512848803      0.1265192098      0.3069591809
   99      1.0000029206      1.3972010800      0.0522159761      0.1257881812      0.3100780083
  100      1.0000029504      1.3902197245      0.0531512968      0.1250716142      0.3131790661
  101      1.0000029802      1.3833087289      0.0540907335      0.1243688548      0.3162625029
  102      1.0000030100      1.3764662000      0.0550341795      0.1236792809      0.3193284682
  103      1.0000030398      1.3696903179      0.0559815305      0.1230023001      0.3223771116
  104      1.0000030696      1.3629793323      0.0569326844      0.1223373487      0.3254085830
  105      1.0000030994      1.3563315597      0.0578875414      0.1216838904      0.3284230321
  106      1.0000031292      1.3497453805      0.0588460038      0.1210414151      0.3314206085
  107      1.0000031591      1.3432192364      0.0598079760      0.1204094374      0.3344014614
  108      1.0000031889      1.3367516277      0.0607733646      0.1197874961      0.3373657395
  109      1.0000032187      1.3303411108      0.0617420779      0.1191751521      0.3403135911
  110      1.0000032485      1.3239862960      0.0627140266      0.1185719883      0.3432451636
  111      1.0000032783      1.3176858455      0.0636891229      0.1179776082      0.3461606035
  112      1.0000033081      1.3114384704      0.0646672809      0.1173916347      0.3490600566
  113      1.0000033379      1.3052429297      0.0656484167      0.1168137096      0.3519436674
  114      1.0000033677      1.2990980276      0.0666324481      0.1162434924      0.3548115797
  115      1.0000033975      1.2930026121      0.0676192943      0.1156806596      0.3576639357
  116      1.0000034273      1.2869555730      0.0686088765      0.1151249040      0.3605008767
  117      1.0000034571      1.2809558402      0.0696011173      0.1145759335      0.3633225426
  118      1.0000034869      1.2750023822      0.0705959410      0.1140334710      0.3661290719
  119      1.0000035167      1.2690942043      0.0715932733      0.1134972530      0.3689206018
  120      1.0000035465      1.2632303475      0.0725930413      0.1129670294      0.3716972680
  121      1.0000035763      1.2574098868      0.0735951736      0.1124425628      0.3744592048
  122      1.0000036061      1.2516319297      0.0745996004      0.1119236277      0.3772065448
  123      1.0000036359      1.2458956155      0.0756062528      0.1114100100      0.3799394194
  124      1.0000036657      1.2402001132      0.0766150635      0.1109015066      0.3826579581
  125      1.0000036955      1.2345446211      0.0776259664      0.1103979245      0.3853622891
  126      1.0000037253      1.2289283651      0.0786388965      0.1098990807      0.3880525388
  127      1.0000037551      1.2233505980      0.0796537903      0.1094048015      0.3907288321
  128      1.0000037849      1.2178105982      0.0806705850      0.1089149219      0.3933912923
  129      1.0000038147      1.2123076687      0.0816892194      0.1084292856      0.3960400411
  130      1.0000038445      1.2068411362      0.0827096329      0.1079477440      0.3986751984
  131      1.0000038743      1.2014103503      0.0837317664      0.1074701565      0.4012968826
  132      1.0000039041      1.1960146823      0.0847555614      0.1069963893      0.4039052105
  133      1.0000039339      1.1906535248      0.0857809608      0.1065263158      0.4065002972
  134      1.0000039637      1.1853262904      0.0868079082      0.1060598156      0.4090822562
  135      1.0000039935      1.1800324111      0.0878363482      0.1055967748      0.4116511995
  136      1.0000040233      1.1747713379      0.0888662263      0.1051370853      0.4142072372
  137      1.0000040531      1.1695425395      0.0898974889      0.1046806443      0.4167504781
  138      1.0000040829      1.1643455019      0.0909300832      0.1042273546      0.4192810293
  139      1.0000041127      1.1591797279      0.0919639574      0.1037771240      0.4217989963
  140      1.0000041425      1.1540447360      0.0929990602      0.1033298650      0.4243044831
  141      1.0000041723      1.1489400604      0.0940353414      0.1028854944      0.4267975921
  142      1.0000042021      1.1438652499      0.0950727514      0.1024439338      0.4292784242
  143      1.0000042319      1.1388198675      0.0961112415      0.1020051084      0.4317470788
  144      1.0000042617      1.1338034900      0.0971507634      0.1015689474      0.4342036538
  145      1.0000042915      1.1288157073      0.0981912698      0.1011353839      0.4366482455
  146      1.0000043213      1.1238561220      0.0992327141      0.1007043540      0.4390809489
  147      1.0000043511      1.1189243489      0.1002750501      0.1002757975      0.4415018576
  148      1.0000043810      1.1140200144      0.1013182326      0.0998496572      0.4439110636
  149      1.0000044108      1.1091427564      0.1023622167      0.0994258786      0.4463086576
  150      1.0000044406      1.1042922236      0.1034069583      0.0990044105      0.4486947290
  151      1.0000044704      1.0994680751      0.1044524140      0.0985852038      0.4510693656
  152      1.0000045002      1.0946699801      0.1054985408      0.0981682124      0.4534326541
  153      1.0000045300      1.0898976176      0.1065452963      0.0977533922      0.4557846799
  154      1.0000045598      1.0851506758      0.1075926388      0.0973407016      0.4581255269
  155      1.0000045896      1.0804288520      0.1086405270      0.0969301010      0.4604552778
  156      1.0000046194      1.0757318520      0.1096889202      0.0965215528      0.4627740141
  157      1.0000046492      1.0710593901      0.1107377783      0.0961150215      0.4650818162
  158      1.0000046790      1.0664111886      0.1117870617      0.0957104731      0.4673787630
  159      1.0000047088      1.0617869774      0.1128367310      0.0953078756      0.4696649324
  160      1.0000047386      1.0571864941      0.1138867478      0.0949071984      0.4719404012
  161      1.0000047684      1.0526094832      0.1149370738      0.0945084126      0.4742052448
  162      1.0000047982      1.0480556964      0.1159876713      0.0941114907      0.4764595377
  163      1.0000048280      1.0435248918      0.1170385031      0.0937164065      0.4787033533
  164      1.0000048578      1.0390168341      0.1180895325      0.0933231351      0.4809367638
  165      1.0000048876      1.0345312941      0.1191407231      0.0929316529      0.4831598404
  166      1.0000049174      1.0300680485      0.1201920390      0.0925419374      0.4853726533
  167      1.0000049472      1.0256268800      0.1212434448      0.0921539672      0.4875752716
  168      1.0000049770      1.0212075766      0.1222949054      0.0917677219      0.4897677634
  169      1.0000050068      1.0168099317      0.1233463863      0.0913831821      0.4919501961
  170      1.0000050366      1.0124337439      0.1243978533      0.0910003294      0.4941226357
  171      1.0000050664      1.0080788167      0.1254492725      0.0906191460      0.4962851475
  172      1.0000050962      1.0037449585      0.1265006106      0.0902396153      0.4984377960
  173      1.0000051260      0.9994319821      0.1275518345      0.0898617212      0.5005806445
  174      1.0000051558      0.9951397051      0.1286029118      0.0894854484      0.5027137557
  175      1.0000051856      0.9908679490      0.1296538100      0.0891107822      0.5048371913
  176      1.0000052154      0.9866165397      0.1307044975      0.0887377087      0.5069510121
  177      1.0000052452      0.9823853070      0.1317549426      0.0883662146      0.5090552783
  178      1.0000052750      0.9781740847      0.1328051144      0.0879962870      0.5111500490
  179      1.0000053048      0.9739827102      0.1338549819      0.0876279137      0.5132353828
  180      1.0000053346      0.9698110245      0.1349045149      0.0872610829      0.5153113372
  181      1.0000053644      0.9656588720      0.1359536833      0.0868957835      0.5173779693
  182      1.0000053942      0.9615261006      0.1370024573      0.0865320046      0.5194353352
  183      1.0000054240      0.9574125614      0.1380508077      0.0861697357      0.5214834904
  184      1.0000054538      0.9533181085      0.1390987054      0.0858089670      0.5235224896
  185      1.0000054836      0.9492425991      0.1401461217      0.0854496888      0.5255523869
  186      1.0000055134      0.9451858934      0.1411930283      0.0850918919      0.5275732356
  187      1.0000055432      0.9411478543      0.1422393972      0.0847355673      0.5295850885
  188      1.0000055730      0.9371283475      0.1432852007      0.0843807065      0.5315879976
  189      1.0000056029      0.9331272411      0.1443304113      0.0840273010      0.5335820144
  190      1.0000056327      0.9291444060      0.1453750021      0.0836753428      0.5355671896
  191      1.0000056625      0.9251797155      0.1464189463      0.0833248243      0.5375435735
  192      1.0000056923      0.9212330452      0.1474622175      0.0829757377      0.5395112156
  193      1.0000057221      0.9173042731      0.1485047895      0.0826280758      0.5414701650
  194      1.0000057519      0.9133932791      0.1495466366      0.0822818315      0.5434204702
  195      1.0000057817      0.9094999457      0.1505877332      0.0819369979      0.5453621789
  196      1.0000058115      0.9056241572      0.1516280542      0.0815935682      0.5472953386
  197      1.0000058413      0.9017657999      0.1526675746      0.0812515359      0.5492199962
  198      1.0000058711      0.8979247621      0.1537062698      0.0809108946      0.5511361977
  199      1.0000059009      0.8941009340      0.1547441155      0.0805716380      0.5530439892
  200      1.0000059307      0.8902942076      0.1557810877      0.0802337602      0.5549434158
  201      1.0000059605      0.8865044766      0.1568171626      0.0798972550      0.5568345223
  202      1.0000059903      0.8827316365      0.1578523167      0.0795621167      0.5587173531
  203      1.0000060201      0.8789755843      0.1588865270      0.0792283396      0.5605919520
  204      1.0000060499      0.8752362189      0.1599197705      0.0788959180      0.5624583625
  205      1.0000060797      0.8715134403      0.1609520246      0.0785648464      0.5643166274
  206      1.0000061095      0.8678071503      0.1619832669      0.0782351195      0.5661667892
  207      1.0000061393      0.8641172521      0.1630134754      0.0779067319      0.5680088901
  208      1.0000061691      0.8604436504      0.1640426284      0.0775796783      0.5698429717
  209      1.0000061989      0.8567862510      0.1650707042      0.0772539536      0.5716690752
  210      1.0000062287      0.8531449613      0.1660976817      0.0769295527      0.5734872416
  211      1.0000062585      0.8495196898      0.1671235398      0.0766064705      0.5752975112
  212      1.0000062883      0.8459103462      0.1681482579      0.0762847021      0.5770999241
  213      1.0000063181      0.8423168417      0.1691718154      0.0759642426      0.5788945200
  214      1.0000063479      0.8387390884      0.1701941922      0.0756450871      0.5806813382
  215      1.0000063777      0.8351769997      0.1712153683      0.0753272307      0.5824604177
  216      1.0000064075      0.8316304898      0.1722353241      0.0750106688      0.5842317971
  217      1.0000064373      0.8280994744      0.1732540402      0.0746953966      0.5859955145
  218      1.0000064671      0.8245838700      0.1742714972      0.0743814095      0.5877516081
  219      1.0000064969      0.8210835941      0.1752876764      0.0740687026      0.5895001152
  220      1.0000065267      0.8175985652      0.1763025590      0.0737572716      0.5912410732
  221      1.0000065565      0.8141287028      0.1773161267      0.0734471117      0.5929745190
  222      1.0000065863      0.8106739274      0.1783283611      0.0731382184      0.5947004891
  223      1.0000066161      0.8072341602      0.1793392445      0.0728305872      0.5964190200
  224      1.0000066459      0.8038093235      0.1803487590      0.0725242135      0.5981301476
  225      1.0000066757      0.8003993402      0.1813568873      0.0722190930      0.5998339076
  226      1.0000067055      0.7970041342      0.1823636120      0.0719152211      0.6015303355
  227      1.0000067353      0.7936236303      0.1833689162      0.0716125934      0.6032194662
  228      1.0000067651      0.7902577539      0.1843727833      0.0713112054      0.6049013348
  229      1.0000067950      0.7869064312      0.1853751965      0.0710110528      0.6065759758
  230      1.0000068248      0.7835695893      0.1863761397      0.0707121312      0.6082434235
  231      1.0000068546      0.7802471557      0.1873755968      0.0704144362      0.6099037118
  232      1.0000068844      0.7769390590      0.1883735519      0.0701179635      0.6115568747
  233      1.0000069142      0.7736452283      0.1893699895      0.0698227086      0.6132029456
  234      1.0000069440      0.7703655933      0.1903648942      0.0695286672      0.6148419577
  235      1.0000069738      0.7671000845      0.1913582507      0.0692358351      0.6164739442
  236      1.0000070036      0.7638486329      0.1923500443      0.0689442078      0.6180989378
  237      1.0000070334      0.7606111703      0.1933402600      0.0686537812      0.6197169710
  238      1.0000070632      0.7573876290      0.1943288836      0.0683645508      0.6213280762
  239      1.0000070930      0.7541779419      0.1953159006      0.0680765124      0.6229322855
  240      1.0000071228      0.7509820425      0.1963012970      0.0677896618      0.6245296306
  241      1.0000071526      0.7477998648      0.1972850589      0.0675039945      0.6261201433
  242      1.0000071824      0.7446313436      0.1982671727      0.0672195064      0.6277038549
  243      1.0000072122      0.7414764139      0.1992476249      0.0669361932      0.6292807966
  244      1.0000072420      0.7383350114      0.2002264024      0.0666540507      0.6308509995
  245      1.0000072718      0.7352070724      0.2012034920      0.0663730745      0.6324144943
  246      1.0000073016      0.7320925336      0.2021788810      0.0660932605      0.6339713116
  247      1.0000073314      0.7289913323      0.2031525567      0.0658146043      0.6355214818
  248      1.0000073612      0.7259034060      0.2041245067      0.0655371019      0.6370650351
  249      1.0000073910      0.7228286931      0.2050947189      0.0652607489      0.6386020014
  250      1.0000074208      0.7197671321      0.2060631811      0.0649855410      0.6401324105
  251      1.0000074506      0.7167186623      0.2070298816      0.0647114742      0.6416562920
  252      1.0000074804      0.7136832230      0.2079948086      0.0644385442      0.6431736754
  253      1.0000075102      0.7106607544      0.2089579509      0.0641667468      0.6446845898
  254      1.0000075400      0.7076511969      0.2099192971      0.0638960777      0.6461890644
  255      1.0000075698      0.7046544913      0.2108788362      0.0636265328      0.6476871280
  256      1.0000075996      0.7016705789      0.2118365573      0.0633581080      0.6491788092
  257      1.0000076294      0.6986994014      0.2127924497      0.0630907989      0.6506641367
  258      1.0000076592      0.6957409008      0.2137465029      0.0628246014      0.6521431387
  259      1.0000076890      0.6927950196      0.2146987067      0.0625595115      0.6536158435
  260      1.0000077188      0.6898617007      0.2156490508      0.0622955248      0.6550822791
  261      1.0000077486      0.6869408872      0.2165975253      0.0620326372      0.6565424733
  262      1.0000077784      0.6840325229      0.2175441205      0.0617708446      0.6579964538
  263      1.0000078082      0.6811365516      0.2184888268      0.0615101428      0.6594442481
  264      1.0000078380      0.6782529177      0.2194316347      0.0612505276      0.6608858837
  265      1.0000078678      0.6753815658      0.2203725350      0.0609919951      0.6623213876
  266      1.0000078976      0.6725224410      0.2213115186      0.0607345409      0.6637507871
  267      1.0000079274      0.6696754887      0.2222485766      0.0604781610      0.6651741090
  268      1.0000079573      0.6668406545      0.2231837003      0.0602228512      0.6665913800
  269      1.0000079871      0.6640178846      0.2241168811      0.0599686076      0.6680026269
  270      1.0000080169      0.6612071251      0.2250481106      0.0597154258      0.6694078759
  271      1.0000080467      0.6584083230      0.2259773806      0.0594633019      0.6708071536
  272      1.0000080765      0.6556214250      0.2269046830      0.0592122318      0.6722004860
  273      1.0000081063      0.6528463786      0.2278300098      0.0589622113      0.6735878991
  274      1.0000081361      0.6500831313      0.2287533535      0.0587132365      0.6749694190
  275      1.0000081659      0.6473316311      0.2296747063      0.0584653031      0.6763450713
  276      1.0000081957      0.6445918263      0.2305940608      0.0582184073      0.6777148817
  277      1.0000082255      0.6418636652      0.2315114098      0.0579725448      0.6790788756
  278      1.0000082553      0.6391470967      0.2324267461      0.0577277118      0.6804370784
  279      1.0000082851      0.6364420700      0.2333400628      0.0574839041      0.6817895154
  280      1.0000083149      0.6337485343      0.2342513530      0.0572411177      0.6831362116
  281      1.0000083447      0.6310664393      0.2351606102      0.0569993486      0.6844771919
  282      1.0000083745      0.6283957350      0.2360678276      0.0567585928      0.6858124813
  283      1.0000084043      0.6257363716      0.2369729991      0.0565188463      0.6871421044
  284      1.0000084341      0.6230882995      0.2378761184      0.0562801051      0.6884660858
  285      1.0000084639      0.6204514695      0.2387771793      0.0560423652      0.6897844499
  286      1.0000084937      0.6178258325      0.2396761760      0.0558056227      0.6910972211
  287      1.0000085235      0.6152113398      0.2405731026      0.0555698735      0.6924044237
  288      1.0000085533      0.6126079429      0.2414679536      0.0553351138      0.6937060816
  289      1.0000085831      0.6100155937      0.2423607234      0.0551013396      0.6950022188
  290      1.0000086129      0.6074342440      0.2432514066      0.0548685469      0.6962928593
  291      1.0000086427      0.6048638463      0.2441399979      0.0546367318      0.6975780267
  292      1.0000086725      0.6023043529      0.2450264924      0.0544058905      0.6988577446
  293      1.0000087023      0.5997557166      0.2459108849      0.0541760190      0.7001320366
  294      1.0000087321      0.5972178905      0.2467931707      0.0539471134      0.7014009261
  295      1.0000087619      0.5946908277      0.2476733450      0.0537191698      0.7026644362
  296      1.0000087917      0.5921744818      0.2485514033      0.0534921844      0.7039225903
  297      1.0000088215      0.5896688064      0.2494273412      0.0532661533      0.7051754112
  298      1.0000088513      0.5871737555      0.2503011542      0.0530410727      0.7064229220
  299      1.0000088811      0.5846892832      0.2511728382      0.0528169386      0.7076651455
  300      1.0000089109      0.5822153438      0.2520423892      0.0525937474      0.7089021044
  301      1.0000089407      0.5797518921      0.2529098031      0.0523714951      0.7101338213
  302      1.0000089705      0.5772988828      0.2537750761      0.0521501780      0.7113603187
  303      1.0000090003      0.5748562710      0.2546382046      0.0519297922      0.7125816190
  304      1.0000090301      0.5724240120      0.2554991850      0.0517103340      0.7137977446
  305      1.0000090599      0.5700020612      0.2563580137      0.0514917997      0.7150087175
  306      1.0000090897      0.5675903743      0.2572146874      0.0512741853      0.7162145599
  307      1.0000091196      0.5651889073      0.2580692029      0.0510574873      0.7174152938
  308      1.0000091494      0.5627976163      0.2589215571      0.0508417018      0.7186109410
  309      1.0000091792      0.5604164576      0.2597717469      0.0506268252      0.7198015233
  310      1.0000092090      0.5580453877      0.2606197694      0.0504128536      0.7209870624
  311      1.0000092388      0.5556843633      0.2614656219      0.0501997835      0.7221675798
  312      1.0000092686      0.5533333416      0.2623093017      0.0499876111      0.7233430971
  313      1.0000092984      0.5509922795      0.2631508062      0.0497763328      0.7245136356
  314      1.0000093282      0.5486611344      0.2639901329      0.0495659448      0.7256792166
  315      1.0000093580      0.5463398639      0.2648272794      0.0493564435      0.7268398612
  316      1.0000093878      0.5440284257      0.2656622436      0.0491478254      0.7279955906
  317      1.0000094176      0.5417267778      0.2664950233      0.0489400866      0.7291464258
  318      1.0000094474      0.5394348783      0.2673256164      0.0487332237      0.7302923875
  319      1.0000094772      0.5371526855      0.2681540210      0.0485272330      0.7314334967
  320      1.0000095070      0.5348801580      0.2689802351      0.0483221110      0.7325697741
  321      1.0000095368      0.5326172544      0.2698042572      0.0481178540      0.7337012402
  322      1.0000095666      0.5303639337      0.2706260855      0.0479144584      0.7348279155
  323      1.0000095964      0.5281201549      0.2714457185      0.0477119208      0.7359498206
  324      1.0000096262      0.5258858774      0.2722631547      0.0475102375      0.7370669756
  325      1.0000096560      0.5236610606      0.2730783928      0.0473094051      0.7381794009
  326      1.0000096858      0.5214456641      0.2738914314      0.0471094200      0.7392871167
  327      1.0000097156      0.5192396477      0.2747022695      0.0469102787      0.7403901428
  328      1.0000097454      0.5170429716      0.2755109059      0.0467119777      0.7414884995
  329      1.0000097752      0.5148555958      0.2763173396      0.0465145136      0.7425822065
  330      1.0000098050      0.5126774807      0.2771215697      0.0463178828      0.7436712835
  331      1.0000098348      0.5105085869      0.2779235955      0.0461220819      0.7447557504
  332      1.0000098646      0.5083488750      0.2787234161      0.0459271075      0.7458356268
  333      1.0000098944      0.5061983061      0.2795210310      0.0457329561      0.7469109321
  334      1.0000099242      0.5040568412      0.2803164396      0.0455396242      0.7479816858
  335      1.0000099540      0.5019244414      0.2811096414      0.0453471086      0.7490479074
  336      1.0000099838      0.4998010683      0.2819006359      0.0451554058      0.7501096159
  337      1.0000100136      0.4976866834      0.2826894230      0.0449645124      0.7511668307
  338      1.0000100434      0.4955812485      0.2834760024      0.0447744251      0.7522195709
  339      1.0000100732      0.4934847256      0.2842603739      0.0445851404      0.7532678553
  340      1.0000101030      0.4913970766      0.2850425374      0.0443966551      0.7543117031
  341      1.0000101328      0.4893182639      0.2858224930      0.0442089658      0.7553511331
  342      1.0000101626      0.4872482500      0.2866002408      0.0440220692      0.7563861639
  343      1.0000101924      0.4851869973      0.2873757809      0.0438359619      0.7574168144
  344      1.0000102222      0.4831344688      0.2881491136      0.0436506408      0.7584431031
  345      1.0000102521      0.4810906272      0.2889202392      0.0434661024      0.7594650485
  346      1.0000102819      0.4790554358      0.2896891580      0.0432823436      0.7604826691
  347      1.0000103117      0.4770288577      0.2904558706      0.0430993611      0.7614959832
  348      1.0000103415      0.4750108564      0.2912203774      0.0429171516      0.7625050092
  349      1.0000103713      0.4730013954      0.2919826791      0.0427357119      0.7635097652
  350      1.0000104011      0.4710004385      0.2927427763      0.0425550387      0.7645102693
  351      1.0000104309      0.4690079496      0.2935006698      0.0423751290      0.7655065397
  352      1.0000104607      0.4670238926      0.2942563604      0.0421959794      0.7664985942
  353      1.0000104905      0.4650482319      0.2950098490      0.0420175868      0.7674864508
  354      1.0000105203      0.4630809318      0.2957611365      0.0418399481      0.7684701272
  355      1.0000105501      0.4611219568      0.2965102239      0.0416630600      0.7694496413
  356      1.0000105799      0.4591712715      0.2972571123      0.0414869194      0.7704250106
  357      1.0000106097      0.4572288408      0.2980018029      0.0413115232      0.7713962528
  358      1.0000106395      0.4552946297      0.2987442969      0.0411368683      0.7723633853
  359      1.0000106693      0.4533686033      0.2994845954      0.0409629515      0.7733264256
  360      1.0000106991      0.4514507269      0.3002226999      0.0407897698      0.7742853910
  361      1.0000107289      0.4495409659      0.3009586117      0.0406173201      0.7752402988
  362      1.0000107587      0.4476392859      0.3016923324      0.0404455992      0.7761911663
  363      1.0000107885      0.4457456526      0.3024238633      0.0402746042      0.7771380105
  364      1.0000108183      0.4438600318      0.3031532061      0.0401043321      0.7780808485
  365      1.0000108481      0.4419823898      0.3038803623      0.0399347796      0.7790196972
  366      1.0000108779      0.4401126925      0.3046053337      0.0397659439      0.7799545737
  367      1.0000109077      0.4382509063      0.3053281221      0.0395978220      0.7808854947
  368      1.0000109375      0.4363969976      0.3060487291      0.0394304107      0.7818124771
  369      1.0000109673      0.4345509332      0.3067671566      0.0392637072      0.7827355374
  370      1.0000109971      0.4327126797      0.3074834066      0.0390977085      0.7836546923
  371      1.0000110269      0.4308822040      0.3081974811      0.0389324116      0.7845699584
  372      1.0000110567      0.4290594731      0.3089093819      0.0387678135      0.7854813521
  373      1.0000110865      0.4272444543      0.3096191112      0.0386039113      0.7863888899
  374      1.0000111163      0.4254371148      0.3103266710      0.0384407021      0.7872925881
  375      1.0000111461      0.4236374222      0.3110320636      0.0382781830      0.7881924629
  376      1.0000111759      0.4218453439      0.3117352912      0.0381163510      0.7890885306
  377      1.0000112057      0.4200608478      0.3124363559      0.0379552033      0.7899808072
  378      1.0000112355      0.4182839017      0.3131352602      0.0377947370      0.7908693090
  379      1.0000112653      0.4165144736      0.3138320063      0.0376349493      0.7917540517
  380      1.0000112951      0.4147525318      0.3145265967      0.0374758372      0.7926350514
  381      1.0000113249      0.4129980444      0.3152190338      0.0373173979      0.7935123239
  382      1.0000113547      0.4112509799      0.3159093202      0.0371596286      0.7943858850
  383      1.0000113846      0.4095113068      0.3165974583      0.0370025264      0.7952557504
  384      1.0000114144      0.4077789939      0.3172834507      0.0368460886      0.7961219358
  385      1.0000114442      0.4060540099      0.3179673001      0.0366903124      0.7969844568
  386      1.0000114740      0.4043363239      0.3186490091      0.0365351950      0.7978433288
  387      1.0000115038      0.4026259049      0.3193285804      0.0363807335      0.7986985674
  388      1.0000115336      0.4009227222      0.3200060169      0.0362269253      0.7995501878
  389      1.0000115634      0.3992267451      0.3206813212      0.0360737675      0.8003982055
  390      1.0000115932      0.3975379430      0.3213544963      0.0359212574      0.8012426357
  391      1.0000116230      0.3958562856      0.3220255450      0.0357693924      0.8020834935
  392      1.0000116528      0.3941817427      0.3226944702      0.0356181697      0.8029207942
  393      1.0000116826      0.3925142842      0.3233612749      0.0354675865      0.8037545527
  394      1.0000117124      0.3908538799      0.3240259620      0.0353176402      0.8045847841
  395      1.0000117422      0.3892005001      0.3246885347      0.0351683281      0.8054115033
  396      1.0000117720      0.3875541151      0.3253489959      0.0350196474      0.8062347251
  397      1.0000118018      0.3859146951      0.3260073487      0.0348715957      0.8070544644
  398      1.0000118316      0.3842822108      0.3266635964      0.0347241701      0.8078707359
  399      1.0000118614      0.3826566327      0.3273177420      0.0345773681      0.8086835543
  400      1.0000118912      0.3810379316      0.3279697888      0.0344311871      0.8094929342
  401      1.0000119210      0.3794260784      0.3286197401      0.0342856243      0.8102988902
  402      1.0000119508      0.3778210442      0.3292675990      0.0341406772      0.8111014368
  403      1.0000119806      0.3762228000      0.3299133690      0.0339963432      0.8119005883
  404      1.0000120104      0.3746313171      0.3305570533      0.0338526198      0.8126963592
  405      1.0000120402      0.3730465669      0.3311986554      0.0337095042      0.8134887638
  406      1.0000120700      0.3714685209      0.3318381786      0.0335669941      0.8142778163
  407      1.0000120998      0.3698971508      0.3324756263      0.0334250867      0.8150635309
  408      1.0000121296      0.3683324281      0.3331110021      0.0332837796      0.8158459217
  409      1.0000121594      0.3667743249      0.3337443095      0.0331430702      0.8166250028
  410      1.0000121892      0.3652228131      0.3343755519      0.0330029561      0.8174007883
  411      1.0000122190      0.3636778648      0.3350047329      0.0328634346      0.8181732920
  412      1.0000122488      0.3621394522      0.3356318561      0.0327245034      0.8189425278
  413      1.0000122786      0.3606075477      0.3362569252      0.0325861598      0.8197085097
  414      1.0000123084      0.3590821237      0.3368799437      0.0324484015      0.8204712512
  415      1.0000123382      0.3575631528      0.3375009154      0.0323112259      0.8212307663
  416      1.0000123680      0.3560506077      0.3381198439      0.0321746305      0.8219870685
  417      1.0000123978      0.3545444611      0.3387367329      0.0320386131      0.8227401713
  418      1.0000124276      0.3530446861      0.3393515862      0.0319031710      0.8234900885
  419      1.0000124574      0.3515512556      0.3399644075      0.0317683018      0.8242368333
  420      1.0000124873      0.3500641429      0.3405752008      0.0316340033      0.8249804194
  421      1.0000125171      0.3485833211      0.3411839697      0.0315002728      0.8257208599
  422      1.0000125469      0.3471087636      0.3417907181      0.0313671081      0.8264581683
  423      1.0000125767      0.3456404439      0.3423954499      0.0312345067      0.8271923578
  424      1.0000126065      0.3441783357      0.3429981690      0.0311024663      0.8279234415
  425      1.0000126363      0.3427224127      0.3435988792      0.0309709845      0.8286514327
  426      1.0000126661      0.3412726486      0.3441975846      0.0308400589      0.8293763445
  427      1.0000126959      0.3398290174      0.3447942891      0.0307096872      0.8300981897
  428      1.0000127257      0.3383914932      0.3453889967      0.0305798671      0.8308169815
  429      1.0000127555      0.3369600501      0.3459817113      0.0304505961      0.8315327328
  430      1.0000127853      0.3355346624      0.3465724370      0.0303218721      0.8322454563
  431      1.0000128151      0.3341153045      0.3471611779      0.0301936926      0.8329551650
  432      1.0000128449      0.3327019508      0.3477479379      0.0300660554      0.8336618715
  433      1.0000128747      0.3312945760      0.3483327212      0.0299389582      0.8343655886
  434      1.0000129045      0.3298931547      0.3489155318      0.0298123986      0.8350663290
  435      1.0000129343      0.3284976618      0.3494963739      0.0296863746      0.8357641052
  436      1.0000129641      0.3271080722      0.3500752517      0.0295608836      0.8364589297
  437      1.0000129939      0.3257243608      0.3506521692      0.0294359237      0.8371508151
  438      1.0000130237      0.3243465029      0.3512271307      0.0293114923      0.8378397738
  439      1.0000130535      0.3229744737      0.3518001403      0.0291875874      0.8385258181
  440      1.0000130833      0.3216082484      0.3523712022      0.0290642068      0.8392089605
  441      1.0000131131      0.3202478026      0.3529403206      0.0289413481      0.8398892132
  442      1.0000131429      0.3188931118      0.3535074999      0.0288190092      0.8405665883
  443      1.0000131727      0.3175441516      0.3540727442      0.0286971879      0.8412410981
  444      1.0000132025      0.3162008978      0.3546360578      0.0285758820      0.8419127548
  445      1.0000132323      0.3148633263      0.3551974451      0.0284550893      0.8425815703
  446      1.0000132621      0.3135314129      0.3557569102      0.0283348077      0.8432475567
  447      1.0000132919      0.3122051339      0.3563144575      0.0282150350      0.8439107260
  448      1.0000133217      0.3108844653      0.3568700913      0.0280957690      0.8445710901
  449      1.0000133515      0.3095693833      0.3574238160      0.0279770076      0.8452286608
  450      1.0000133813      0.3082598645      0.3579756360      0.0278587487      0.8458834500
  451      1.0000134111      0.3069558851      0.3585255555      0.0277409901      0.8465354694
  452      1.0000134409      0.3056574218      0.3590735790      0.0276237298      0.8471847308
  453      1.0000134707      0.3043644513      0.3596197108      0.0275069656      0.8478312459
  454      1.0000135005      0.3030769503      0.3601639554      0.0273906954      0.8484750261
  455      1.0000135303      0.3017948957      0.3607063172      0.0272749171      0.8491160832
  456      1.0000135601      0.3005182644      0.3612468006      0.0271596287      0.8497544286
  457      1.0000135900      0.2992470335      0.3617854100      0.0270448281      0.8503900738
  458      1.0000136198      0.2979811801      0.3623221499      0.0269305132      0.8510230303
  459      1.0000136496      0.2967206816      0.3628570248      0.0268166819      0.8516533094
  460      1.0000136794      0.2954655151      0.3633900390      0.0267033323      0.8522809224
  461      1.0000137092      0.2942156582      0.3639211972      0.0265904623      0.8529058806
  462      1.0000137390      0.2929710885      0.3644505037      0.0264780698      0.8535281952
  463      1.0000137688      0.2917317835      0.3649779631      0.0263661529      0.8541478775
  464      1.0000137986      0.2904977209      0.3655035799      0.0262547095      0.8547649386
  465      1.0000138284      0.2892688787      0.3660273585      0.0261437376      0.8553793895
  466      1.0000138582      0.2880452346      0.3665493037      0.0260332353      0.8559912413
  467      1.0000138880      0.2868267668      0.3670694197      0.0259232005      0.8566005050
  468      1.0000139178      0.2856134533      0.3675877113      0.0258136312      0.8572071915
  469      1.0000139476      0.2844052723      0.3681041829      0.0257045256      0.8578113118
  470      1.0000139774      0.2832022022      0.3686188391      0.0255958816      0.8584128767
  471      1.0000140072      0.2820042212      0.3691316844      0.0254876973      0.8590118969
  472      1.0000140370      0.2808113078      0.3696427235      0.0253799708      0.8596083834
  473      1.0000140668      0.2796234407      0.3701519609      0.0252727000      0.8602023468
  474      1.0000140966      0.2784405984      0.3706594012      0.0251658831      0.8607937977
  475      1.0000141264      0.2772627598      0.3711650490      0.0250595182      0.8613827468
  476      1.0000141562      0.2760899036      0.3716689089      0.0249536034      0.8619692047
  477      1.0000141860      0.2749220087      0.3721709854      0.0248481367      0.8625531819
  478      1.0000142158      0.2737590542      0.3726712832      0.0247431162      0.8631346889
  479      1.0000142456      0.2726010192      0.3731698069      0.0246385401      0.8637137362
  480      1.0000142754      0.2714478829      0.3736665612      0.0245344065      0.8642903342
