# time   trace   domains   purity   coherence  equireached
    1      1.0000000000      6.5454545455      0.0010822511      0.0000000000      0.0000000000
    2      1.0000000298      6.0000001788      0.0004673357      0.5454545915      0.0000000000
    3      1.0000000596      5.5454548760      0.0004116992      0.6641415133      0.0000000000
    4      1.0000000894      5.1624583740      0.0004363300      0.6377165966      0.0000000000
    5      1.0000001192      4.8363852567      0.0004961090      0.6189933237      0.0000000000
    6      1.0000001490      4.5560560240      0.0005809161      0.5448971836      0.0000000000
    7      1.0000001788      4.3128358084      0.0006871103      0.4910244746      0.0000676407
    8      1.0000002086      4.0999925019      0.0008127566      0.4453410393      0.0003181446
    9      1.0000002384      3.9122323621      0.0009563706      0.4041433951      0.0008666813
   10      1.0000002682      3.7453593570      0.0011165770      0.3736832454      0.0017988061
   11      1.0000002980      3.5960222383      0.0012921314      0.3507529919      0.0031637710
   12      1.0000003278      3.4615247577      0.0014820641      0.3316710524      0.0049799976
   13      1.0000003576      3.3396819597      0.0016858043      0.3169403897      0.0072437040
   14      1.0000003874      3.2287105139      0.0019032351      0.3040852884      0.0099366801
   15      1.0000004172      3.1271444665      0.0021346816      0.2932303746      0.0130322096
   16      1.0000004470      3.0337701495      0.0023808545      0.2833113989      0.0164992264
   17      1.0000004768      2.9475756364      0.0026427713      0.2750516567      0.0203050716
   18      1.0000005066      2.8677113088      0.0029216721      0.2675708121      0.0244172310
   19      1.0000005364      2.7934589518      0.0032189394      0.2608668600      0.0288043774
   20      1.0000005662      2.7242074191      0.0035360278      0.2545580912      0.0334369535
   21      1.0000005960      2.6594333765      0.0038744055      0.2485833469      0.0382874611
   22      1.0000006258      2.5986859822      0.0042355075      0.2429098772      0.0433305640
   23      1.0000006557      2.5415746301      0.0046207001      0.2374649318      0.0485430747
   24      1.0000006855      2.4877590830      0.0050312546      0.2322088360      0.0539038733
   25      1.0000007153      2.4369414812      0.0054683294      0.2270881331      0.0593937877
   26      1.0000007451      2.3888598270      0.0059329588      0.2221537581      0.0649954561
   27      1.0000007749      2.3432826386      0.0064260470      0.2173125734      0.0706931825
   28      1.0000008047      2.3000045371      0.0069483663      0.2126545236      0.0764727939
   29      1.0000008345      2.2588425800      0.0075005580      0.2081605987      0.0823215024
   30      1.0000008643      2.2196331988      0.0080831367      0.2038030792      0.0882277759
   31      1.0000008941      2.1822296266      0.0086964955      0.1995903955      0.0941812181
   32      1.0000009239      2.1464997271      0.0093409122      0.1955203251      0.1001724578
   33      1.0000009537      2.1123241533      0.0100165570      0.1915996682      0.1061930494
   34      1.0000009835      2.0795947792      0.0107235001      0.1878604530      0.1122353815
   35      1.0000010133      2.0482133588      0.0114617197      0.1842744808      0.1182925954
   36      1.0000010431      2.0180903757      0.0122311096      0.1808442496      0.1243585118
   37      1.0000010729      1.9891440513      0.0130314875      0.1775569469      0.1304275649
   38      1.0000011027      1.9612994882      0.0138626023      0.1744029617      0.1364947432
   39      1.0000011325      1.9344879286      0.0147241416      0.1713804768      0.1425555374
   40      1.0000011623      1.9086461077      0.0156157384      0.1684902265      0.1486058924
   41      1.0000011921      1.8837156917      0.0165369779      0.1657238338      0.1546421655
   42      1.0000012219      1.8596427854      0.0174874037      0.1630727505      0.1606610880
   43      1.0000012517      1.8363775007      0.0184665234      0.1605325051      0.1666597312
   44      1.0000012815      1.8138735779      0.0194738140      0.1580976724      0.1726354756
   45      1.0000013113      1.7920880506      0.0205087268      0.1557641900      0.1785859830
   46      1.0000013411      1.7709809506      0.0215706921      0.1535280547      0.1845091711
   47      1.0000013709      1.7505150460      0.0226591232      0.1513843402      0.1904031910
   48      1.0000014007      1.7306556082      0.0237734201      0.1493289515      0.1962664062
   49      1.0000014305      1.7113702047      0.0249129727      0.1473576210      0.2020973739
   50      1.0000014603      1.6926285132      0.0260771644      0.1454666673      0.2078948272
   51      1.0000014901      1.6744021554      0.0272653741      0.1436520018      0.2136576602
   52      1.0000015199      1.6566645479      0.0284769791      0.1419093321      0.2193849128
   53      1.0000015497      1.6393907668      0.0297113571      0.1402347339      0.2250757578
   54      1.0000015795      1.6225574263      0.0309678878      0.1386254455      0.2307294889
   55      1.0000016093      1.6061425679      0.0322459548      0.1370826861      0.2363455095
   56      1.0000016391      1.5901255600      0.0335449468      0.1355970330      0.2419233226
   57      1.0000016689      1.5744870060      0.0348642589      0.1341652456      0.2474625214
   58      1.0000016987      1.5592086611      0.0362032937      0.1327838959      0.2529627806
   59      1.0000017285      1.5442733547      0.0375614616      0.1314497213      0.2584238492
   60      1.0000017583      1.5296649205      0.0389381824      0.1301596713      0.2638455424
   61      1.0000017881      1.5153681312      0.0403328850      0.1289108802      0.2692277359
   62      1.0000018179      1.5013686386      0.0417450083      0.1277006615      0.2745703593
   63      1.0000018477      1.4876529180      0.0431740014      0.1265453731      0.2798733907
   64      1.0000018775      1.4742082172      0.0446193241      0.1254249057      0.2851368519
   65      1.0000019074      1.4610225083      0.0460804465      0.1243351291      0.2903608036
   66      1.0000019372      1.4480844439      0.0475568498      0.1232739475      0.2955453411
   67      1.0000019670      1.4353833152      0.0490480258      0.1222394043      0.3006905908
   68      1.0000019968      1.4229090142      0.0505534774      0.1212296769      0.3057967064
   69      1.0000020266      1.4106519972      0.0520727179      0.1202430696      0.3108638657
   70      1.0000020564      1.3986032515      0.0536052714      0.1192780073      0.3158922681
   71      1.0000020862      1.3867542640      0.0551506728      0.1183330289      0.3208821313
   72      1.0000021160      1.3750969915      0.0567084670      0.1174074139      0.3258336897
   73      1.0000021458      1.3636238337      0.0582782094      0.1165042569      0.3307471916
   74      1.0000021756      1.3523276067      0.0598594655      0.1156186010      0.3356228975
   75      1.0000022054      1.3412015193      0.0614518105      0.1147484171      0.3404610783
   76      1.0000022352      1.3302391498      0.0630548294      0.1138922145      0.3452620137
   77      1.0000022650      1.3194344248      0.0646681166      0.1130490899      0.3500259906
   78      1.0000022948      1.3087815992      0.0662912756      0.1122189237      0.3547533023
   79      1.0000023246      1.2982752370      0.0679239192      0.1114038934      0.3594442466
   80      1.0000023544      1.2879101935      0.0695656687      0.1106084731      0.3640991251
   81      1.0000023842      1.2776815991      0.0712161541      0.1098225716      0.3687182427
   82      1.0000024140      1.2675848428      0.0728750137      0.1090456167      0.3733019058
   83      1.0000024438      1.2576155579      0.0745418940      0.1082770934      0.3778504224
   84      1.0000024736      1.2477696077      0.0762164494      0.1075168288      0.3823641010
   85      1.0000025034      1.2380430726      0.0778983418      0.1067650030      0.3868432501
   86      1.0000025332      1.2284322376      0.0795872409      0.1060232352      0.3912881777
   87      1.0000025630      1.2189335806      0.0812828234      0.1052880625      0.3956991909
   88      1.0000025928      1.2095437612      0.0829847734      0.1045595374      0.4000765954
   89      1.0000026226      1.2002596110      0.0846927816      0.1038370603      0.4044206951
   90      1.0000026524      1.1910781230      0.0864065455      0.1031203198      0.4087317918
   91      1.0000026822      1.1819964430      0.0881257693      0.1024090911      0.4130101852
   92      1.0000027120      1.1730118607      0.0898501635      0.1017032208      0.4172561723
   93      1.0000027418      1.1641218013      0.0915794446      0.1010024859      0.4214700474
   94      1.0000027716      1.1553238184      0.0933133354      0.1003067137      0.4256521019
   95      1.0000028014      1.1466155861      0.0950515645      0.0996157585      0.4298026242
   96      1.0000028312      1.1379948925      0.0967938661      0.0989294898      0.4339218996
   97      1.0000028610      1.1294596332      0.0985399803      0.0982477913      0.4380102100
   98      1.0000028908      1.1210078052      0.1002896523      0.0975705592      0.4420678342
   99      1.0000029206      1.1126375012      0.1020426330      0.0968977009      0.4460950474
  100      1.0000029504      1.1043469040      0.1037986781      0.0962291341      0.4500921216
  101      1.0000029802      1.0961342817      0.1055575486      0.0955647856      0.4540593254
  102      1.0000030100      1.0879979826      0.1073190105      0.0949045904      0.4579969238
  103      1.0000030398      1.0799364312      0.1090828345      0.0942484908      0.4619051785
  104      1.0000030696      1.0719481231      0.1108487962      0.0935964357      0.4657843477
  105      1.0000030994      1.0640316219      0.1126166755      0.0929483798      0.4696346863
  106      1.0000031292      1.0561855546      0.1143862573      0.0923042829      0.4734564458
  107      1.0000031591      1.0484086086      0.1161573306      0.0916641095      0.4772498741
  108      1.0000031889      1.0406995282      0.1179296889      0.0910278281      0.4810152163
  109      1.0000032187      1.0330571110      0.1197031297      0.0903954108      0.4847527137
  110      1.0000032485      1.0254802058      0.1214774550      0.0897668327      0.4884626048
  111      1.0000032783      1.0179677089      0.1232524706      0.0891420718      0.4921451246
  112      1.0000033081      1.0105185617      0.1250279866      0.0885211083      0.4958005051
  113      1.0000033379      1.0031317487      0.1268038167      0.0879039244      0.4994289754
  114      1.0000033677      0.9958062944      0.1285797785      0.0872905043      0.5030307612
  115      1.0000033975      0.9885412615      0.1303556937      0.0866808335      0.5066060857
  116      1.0000034273      0.9813357489      0.1321313873      0.0860748997      0.5101551688
  117      1.0000034571      0.9741888892      0.1339066881      0.0854726898      0.5136782278
  118      1.0000034869      0.9670998476      0.1356814286      0.0848741922      0.5171754771
  119      1.0000035167      0.9600678194      0.1374554445      0.0842793965      0.5206471284
  120      1.0000035465      0.9530920289      0.1392285752      0.0836882924      0.5240933906
  121      1.0000035763      0.9461717275      0.1410006635      0.0831008705      0.5275144703
  122      1.0000036061      0.9393061924      0.1427715552      0.0825171228      0.5309105713
  123      1.0000036359      0.9324947253      0.1445410998      0.0819370412      0.5342818948
  124      1.0000036657      0.9257366508      0.1463091497      0.0813606136      0.5376286399
  125      1.0000036955      0.9190313154      0.1480755607      0.0807878311      0.5409510030
  126      1.0000037253      0.9123780864      0.1498401914      0.0802186845      0.5442491782
  127      1.0000037551      0.9057763506      0.1516029037      0.0796531646      0.5475233575
  128      1.0000037849      0.8992255134      0.1533635624      0.0790912621      0.5507737304
  129      1.0000038147      0.8927249979      0.1551220354      0.0785329675      0.5540004845
  130      1.0000038445      0.8862742437      0.1568781932      0.0779782710      0.5572038051
  131      1.0000038743      0.8798727065      0.1586319095      0.0774271627      0.5603838754
  132      1.0000039041      0.8735198567      0.1603830607      0.0768796397      0.5635408765
  133      1.0000039339      0.8672151793      0.1621315257      0.0763356868      0.5666749877
  134      1.0000039637      0.8609581727      0.1638771866      0.0757952897      0.5697863862
  135      1.0000039935      0.8547483481      0.1656199278      0.0752584372      0.5728752474
  136      1.0000040233      0.8485852291      0.1673596366      0.0747251177      0.5759417447
  137      1.0000040531      0.8424683506      0.1690962026      0.0741953194      0.5789860497
  138      1.0000040829      0.8363972590      0.1708295182      0.0736690302      0.5820083322
  139      1.0000041127      0.8303715109      0.1725594782      0.0731462385      0.5850087605
  140      1.0000041425      0.8243906730      0.1742859800      0.0726269453      0.5879875008
  141      1.0000041723      0.8184543216      0.1760089233      0.0721111215      0.5909447179
  142      1.0000042021      0.8125620419      0.1777282103      0.0715987539      0.5938805748
  143      1.0000042319      0.8067134281      0.1794437454      0.0710898285      0.5967952329
  144      1.0000042617      0.8009080823      0.1811554354      0.0705843314      0.5996888522
  145      1.0000042915      0.7951456148      0.1828631895      0.0700822481      0.6025615909
  146      1.0000043213      0.7894256432      0.1845669190      0.0695835640      0.6054136059
  147      1.0000043511      0.7837477924      0.1862665375      0.0690882641      0.6082450524
  148      1.0000043810      0.7781116943      0.1879619607      0.0685963331      0.6110560843
  149      1.0000044108      0.7725169871      0.1896531065      0.0681077556      0.6138468541
  150      1.0000044406      0.7669633156      0.1913398949      0.0676225164      0.6166175128
  151      1.0000044704      0.7614503305      0.1930222479      0.0671405990      0.6193682099
  152      1.0000045002      0.7559776882      0.1947000897      0.0666619872      0.6220990939
  153      1.0000045300      0.7505450509      0.1963733464      0.0661866646      0.6248103115
  154      1.0000045598      0.7451520858      0.1980419460      0.0657146145      0.6275020085
  155      1.0000045896      0.7397984656      0.1997058186      0.0652458202      0.6301743292
  156      1.0000046194      0.7344838676      0.2013648961      0.0647802647      0.6328274167
  157      1.0000046492      0.7292079740      0.2030191123      0.0643179309      0.6354614128
  158      1.0000046790      0.7239704715      0.2046684029      0.0638588014      0.6380764581
  159      1.0000047088      0.7187710511      0.2063127054      0.0634028590      0.6406726921
  160      1.0000047386      0.7136094082      0.2079519591      0.0629500859      0.6432502530
  161      1.0000047684      0.7084852422      0.2095861049      0.0625004646      0.6458092777
  162      1.0000047982      0.7033982564      0.2112150857      0.0620539773      0.6483499022
  163      1.0000048280      0.6983481578      0.2128388459      0.0616106061      0.6508722613
  164      1.0000048578      0.6933346574      0.2144573316      0.0611703330      0.6533764886
  165      1.0000048876      0.6883574695      0.2160704907      0.0607331399      0.6558627167
  166      1.0000049174      0.6834163118      0.2176782725      0.0602990089      0.6583310769
  167      1.0000049472      0.6785109055      0.2192806279      0.0598679216      0.6607816997
  168      1.0000049770      0.6736409748      0.2208775096      0.0594398599      0.6632147144
  169      1.0000050068      0.6688062474      0.2224688717      0.0590148054      0.6656302493
  170      1.0000050366      0.6640064537      0.2240546696      0.0585927399      0.6680284317
  171      1.0000050664      0.6592413271      0.2256348605      0.0581736450      0.6704093877
  172      1.0000050962      0.6545106042      0.2272094029      0.0577575024      0.6727732426
  173      1.0000051260      0.6498140239      0.2287782568      0.0573442936      0.6751201206
  174      1.0000051558      0.6451513281      0.2303413835      0.0569340003      0.6774501451
  175      1.0000051856      0.6405222615      0.2318987458      0.0565266041      0.6797634382
  176      1.0000052154      0.6359265710      0.2334503078      0.0561220867      0.6820601213
  177      1.0000052452      0.6313640062      0.2349960349      0.0557204296      0.6843403148
  178      1.0000052750      0.6268343194      0.2365358938      0.0553216145      0.6866041382
  179      1.0000053048      0.6223372649      0.2380698527      0.0549256230      0.6888517100
  180      1.0000053346      0.6178725995      0.2395978807      0.0545324369      0.6910831477
  181      1.0000053644      0.6134400824      0.2411199485      0.0541420379      0.6932985682
  182      1.0000053942      0.6090394750      0.2426360278      0.0537544077      0.6954980873
  183      1.0000054240      0.6046705408      0.2441460916      0.0533695281      0.6976818198
  184      1.0000054538      0.6003330456      0.2456501139      0.0529873811      0.6998498798
  185      1.0000054836      0.5960267571      0.2471480700      0.0526079484      0.7020023806
  186      1.0000055134      0.5917514453      0.2486399365      0.0522312121      0.7041394344
  187      1.0000055432      0.5875068821      0.2501256907      0.0518571541      0.7062611528
  188      1.0000055730      0.5832928415      0.2516053113      0.0514857565      0.7083676464
  189      1.0000056029      0.5791090993      0.2530787780      0.0511170014      0.7104590250
  190      1.0000056327      0.5749554333      0.2545460716      0.0507508710      0.7125353976
  191      1.0000056625      0.5708316232      0.2560071737      0.0503873476      0.7145968723
  192      1.0000056923      0.5667374506      0.2574620671      0.0500264134      0.7166435567
  193      1.0000057221      0.5626726988      0.2589107357      0.0496680510      0.7186755571
  194      1.0000057519      0.5586371532      0.2603531642      0.0493122427      0.7206929795
  195      1.0000057817      0.5546306005      0.2617893381      0.0489589711      0.7226959287
  196      1.0000058115      0.5506528295      0.2632192443      0.0486082189      0.7246845090
  197      1.0000058413      0.5467036307      0.2646428702      0.0482599687      0.7266588239
  198      1.0000058711      0.5427827961      0.2660602043      0.0479142033      0.7286189759
  199      1.0000059009      0.5388901196      0.2674712358      0.0475709056      0.7305650671
  200      1.0000059307      0.5350253966      0.2688759550      0.0472300587      0.7324971985
  201      1.0000059605      0.5311884241      0.2702743530      0.0468916454      0.7344154707
  202      1.0000059903      0.5273790008      0.2716664215      0.0465556490      0.7363199832
  203      1.0000060201      0.5235969271      0.2730521533      0.0462220527      0.7382108351
  204      1.0000060499      0.5198420046      0.2744315419      0.0458908397      0.7400881245
  205      1.0000060797      0.5161140368      0.2758045815      0.0455619936      0.7419519490
  206      1.0000061095      0.5124128286      0.2771712672      0.0452354978      0.7438024053
  207      1.0000061393      0.5087381864      0.2785315947      0.0449113358      0.7456395896
  208      1.0000061691      0.5050899181      0.2798855606      0.0445894914      0.7474635972
  209      1.0000061989      0.5014678329      0.2812331620      0.0442699484      0.7492745227
  210      1.0000062287      0.4978717419      0.2825743970      0.0439526906      0.7510724603
  211      1.0000062585      0.4943014572      0.2839092642      0.0436377019      0.7528575031
  212      1.0000062883      0.4907567926      0.2852377629      0.0433249665      0.7546297439
  213      1.0000063181      0.4872375631      0.2865598931      0.0430144686      0.7563892746
  214      1.0000063479      0.4837435853      0.2878756554      0.0427061922      0.7581361864
  215      1.0000063777      0.4802746771      0.2891850510      0.0424001219      0.7598705700
  216      1.0000064075      0.4768306577      0.2904880819      0.0420962421      0.7615925154
  217      1.0000064373      0.4734113477      0.2917847505      0.0417945372      0.7633021118
  218      1.0000064671      0.4700165691      0.2930750599      0.0414949920      0.7649994480
  219      1.0000064969      0.4666461452      0.2943590138      0.0411975912      0.7666846120
  220      1.0000065267      0.4632999006      0.2956366164      0.0409023196      0.7683576910
  221      1.0000065565      0.4599776612      0.2969078726      0.0406091621      0.7700187720
  222      1.0000065863      0.4566792541      0.2981727876      0.0403181038      0.7716679410
  223      1.0000066161      0.4534045079      0.2994313673      0.0400291298      0.7733052835
  224      1.0000066459      0.4501532523      0.3006836182      0.0397422253      0.7749308845
  225      1.0000066757      0.4469253184      0.3019295471      0.0394573757      0.7765448281
  226      1.0000067055      0.4437205383      0.3031691614      0.0391745663      0.7781471980
  227      1.0000067353      0.4405387455      0.3044024691      0.0388937827      0.7797380774
  228      1.0000067651      0.4373797748      0.3056294784      0.0386150105      0.7813175486
  229      1.0000067950      0.4342434621      0.3068501983      0.0383382354      0.7828856935
  230      1.0000068248      0.4311296445      0.3080646379      0.0380634431      0.7844425934
  231      1.0000068546      0.4280381603      0.3092728071      0.0377906196      0.7859883290
  232      1.0000068844      0.4249688490      0.3104747160      0.0375197508      0.7875229803
  233      1.0000069142      0.4219215513      0.3116703751      0.0372508229      0.7890466270
  234      1.0000069440      0.4188961089      0.3128597955      0.0369838220      0.7905593479
  235      1.0000069738      0.4158923650      0.3140429886      0.0367187344      0.7920612215
  236      1.0000070036      0.4129101637      0.3152199662      0.0364555464      0.7935523255
  237      1.0000070334      0.4099493501      0.3163907403      0.0361942446      0.7950327372
  238      1.0000070632      0.4070097708      0.3175553237      0.0359348154      0.7965025334
  239      1.0000070930      0.4040912731      0.3187137292      0.0356772455      0.7979617902
  240      1.0000071228      0.4011937057      0.3198659700      0.0354215217      0.7994105831
  241      1.0000071526      0.3983169184      0.3210120598      0.0351676306      0.8008489873
  242      1.0000071824      0.3954607619      0.3221520126      0.0349155594      0.8022770773
  243      1.0000072122      0.3926250882      0.3232858427      0.0346652950      0.8036949270
  244      1.0000072420      0.3898097501      0.3244135646      0.0344168244      0.8051026099
  245      1.0000072718      0.3870146018      0.3255351932      0.0341701349      0.8065001990
  246      1.0000073016      0.3842394982      0.3266507439      0.0339252137      0.8078877665
  247      1.0000073314      0.3814842955      0.3277602321      0.0336820483      0.8092653845
  248      1.0000073612      0.3787488509      0.3288636736      0.0334406260      0.8106331243
  249      1.0000073910      0.3760330227      0.3299610845      0.0332009344      0.8119910566
  250      1.0000074208      0.3733366699      0.3310524813      0.0329629611      0.8133392519
  251      1.0000074506      0.3706596529      0.3321378805      0.0327266938      0.8146777800
  252      1.0000074804      0.3680018328      0.3332172990      0.0324921204      0.8160067103
  253      1.0000075102      0.3653630721      0.3342907539      0.0322592287      0.8173261114
  254      1.0000075400      0.3627432338      0.3353582628      0.0320280066      0.8186360519
  255      1.0000075698      0.3601421823      0.3364198431      0.0317984424      0.8199365996
  256      1.0000075996      0.3575597827      0.3374755127      0.0315705240      0.8212278217
  257      1.0000076294      0.3549959012      0.3385252898      0.0313442397      0.8225097853
  258      1.0000076592      0.3524504050      0.3395691926      0.0311195778      0.8237825566
  259      1.0000076890      0.3499231622      0.3406072396      0.0308965267      0.8250462017
  260      1.0000077188      0.3474140418      0.3416394496      0.0306750749      0.8263007859
  261      1.0000077486      0.3449229139      0.3426658414      0.0304552109      0.8275463743
  262      1.0000077784      0.3424496493      0.3436864342      0.0302369233      0.8287830313
  263      1.0000078082      0.3399941199      0.3447012472      0.0300202009      0.8300108211
  264      1.0000078380      0.3375561985      0.3457102999      0.0298050325      0.8312298071
  265      1.0000078678      0.3351357587      0.3467136120      0.0295914069      0.8324400526
  266      1.0000078976      0.3327326753      0.3477112032      0.0293793131      0.8336416201
  267      1.0000079274      0.3303468237      0.3487030936      0.0291687401      0.8348345720
  268      1.0000079573      0.3279780803      0.3496893033      0.0289596770      0.8360189701
  269      1.0000079871      0.3256263224      0.3506698525      0.0287521130      0.8371948756
  270      1.0000080169      0.3232914282      0.3516447617      0.0285460374      0.8383623494
  271      1.0000080467      0.3209732766      0.3526140514      0.0283414394      0.8395214521
  272      1.0000080765      0.3186717478      0.3535777425      0.0281383086      0.8406722437
  273      1.0000081063      0.3163867223      0.3545358556      0.0279366344      0.8418147837
  274      1.0000081361      0.3141180819      0.3554884118      0.0277364064      0.8429491313
  275      1.0000081659      0.3118657090      0.3564354321      0.0275376142      0.8440753453
  276      1.0000081957      0.3096294870      0.3573769378      0.0273402474      0.8451934840
  277      1.0000082255      0.3074093001      0.3583129502      0.0271442960      0.8463036054
  278      1.0000082553      0.3052050332      0.3592434907      0.0269497498      0.8474057668
  279      1.0000082851      0.3030165721      0.3601685808      0.0267565987      0.8485000254
  280      1.0000083149      0.3008438036      0.3610882421      0.0265648326      0.8495864378
  281      1.0000083447      0.2986866151      0.3620024964      0.0263744418      0.8506650604
  282      1.0000083745      0.2965448948      0.3629113655      0.0261854162      0.8517359489
  283      1.0000084043      0.2944185318      0.3638148713      0.0259977462      0.8527991588
  284      1.0000084341      0.2923074161      0.3647130357      0.0258114220      0.8538547453
  285      1.0000084639      0.2902114381      0.3656058808      0.0256264339      0.8549027628
  286      1.0000084937      0.2881304895      0.3664934287      0.0254427725      0.8559432659
  287      1.0000085235      0.2860644624      0.3673757017      0.0252604281      0.8569763082
  288      1.0000085533      0.2840132497      0.3682527220      0.0250793914      0.8580019433
  289      1.0000085831      0.2819767454      0.3691245119      0.0248996530      0.8590202244
  290      1.0000086129      0.2799548438      0.3699910937      0.0247212035      0.8600312041
  291      1.0000086427      0.2779474403      0.3708524901      0.0245440338      0.8610349349
  292      1.0000086725      0.2759544309      0.3717087234      0.0243681346      0.8620314686
  293      1.0000087023      0.2739757124      0.3725598162      0.0241934968      0.8630208570
  294      1.0000087321      0.2720111823      0.3734057910      0.0240201115      0.8640031511
  295      1.0000087619      0.2700607389      0.3742466706      0.0238479696      0.8649784020
  296      1.0000087917      0.2681242811      0.3750824775      0.0236770622      0.8659466601
  297      1.0000088215      0.2662017087      0.3759132345      0.0235073804      0.8669079756
  298      1.0000088513      0.2642929221      0.3767389643      0.0233389156      0.8678623982
  299      1.0000088811      0.2623978224      0.3775596897      0.0231716588      0.8688099773
  300      1.0000089109      0.2605163115      0.3783754334      0.0230056016      0.8697507621
  301      1.0000089407      0.2586482920      0.3791862184      0.0228407353      0.8706848013
  302      1.0000089705      0.2567936670      0.3799920674      0.0226770513      0.8716121431
  303      1.0000090003      0.2549523407      0.3807930032      0.0225145412      0.8725328358
  304      1.0000090301      0.2531242175      0.3815890488      0.0223531966      0.8734469268
  305      1.0000090599      0.2513092028      0.3823802270      0.0221930090      0.8743544636
  306      1.0000090897      0.2495072027      0.3831665608      0.0220339703      0.8752554932
  307      1.0000091196      0.2477181237      0.3839480730      0.0218760722      0.8761500622
  308      1.0000091494      0.2459418733      0.3847247865      0.0217193064      0.8770382169
  309      1.0000091792      0.2441783594      0.3854967242      0.0215636649      0.8779200034
  310      1.0000092090      0.2424274908      0.3862639091      0.0214091397      0.8787954672
  311      1.0000092388      0.2406891767      0.3870263640      0.0212557226      0.8796646539
  312      1.0000092686      0.2389633272      0.3877841119      0.0211034059      0.8805276082
  313      1.0000092984      0.2372498527      0.3885371756      0.0209521815      0.8813843750
  314      1.0000093282      0.2355486647      0.3892855781      0.0208020416      0.8822349987
  315      1.0000093580      0.2338596751      0.3900293421      0.0206529786      0.8830795231
  316      1.0000093878      0.2321827962      0.3907684907      0.0205049845      0.8839179922
  317      1.0000094176      0.2305179414      0.3915030465      0.0203580519      0.8847504493
  318      1.0000094474      0.2288650243      0.3922330324      0.0202121731      0.8855769375
  319      1.0000094772      0.2272239594      0.3929584713      0.0200673404      0.8863974996
  320      1.0000095070      0.2255946617      0.3936793860      0.0199235465      0.8872121781
  321      1.0000095368      0.2239770468      0.3943957991      0.0197807839      0.8880210152
  322      1.0000095666      0.2223710309      0.3951077334      0.0196390451      0.8888240528
  323      1.0000095964      0.2207765309      0.3958152117      0.0194983229      0.8896213325
  324      1.0000096262      0.2191934643      0.3965182567      0.0193586099      0.8904128956
  325      1.0000096560      0.2176217489      0.3972168909      0.0192198989      0.8911987830
  326      1.0000096858      0.2160613034      0.3979111370      0.0190821828      0.8919790354
  327      1.0000097156      0.2145120471      0.3986010176      0.0189454543      0.8927536933
  328      1.0000097454      0.2129738996      0.3992865553      0.0188097065      0.8935227968
  329      1.0000097752      0.2114467813      0.3999677725      0.0186749323      0.8942863856
  330      1.0000098050      0.2099306132      0.4006446917      0.0185411246      0.8950444994
  331      1.0000098348      0.2084253167      0.4013173355      0.0184082766      0.8957971774
  332      1.0000098646      0.2069308138      0.4019857261      0.0182763815      0.8965444586
  333      1.0000098944      0.2054470273      0.4026498859      0.0181454322      0.8972863816
  334      1.0000099242      0.2039738801      0.4033098373      0.0180154222      0.8980229850
  335      1.0000099540      0.2025112960      0.4039656025      0.0178863446      0.8987543068
  336      1.0000099838      0.2010591994      0.4046172037      0.0177581927      0.8994803848
  337      1.0000100136      0.1996175149      0.4052646631      0.0176309599      0.9002012568
  338      1.0000100434      0.1981861680      0.4059080028      0.0175046397      0.9009169600
  339      1.0000100732      0.1967650845      0.4065472449      0.0173792255      0.9016275316
  340      1.0000101030      0.1953541908      0.4071824114      0.0172547107      0.9023330082
  341      1.0000101328      0.1939534138      0.4078135243      0.0171310890      0.9030334265
  342      1.0000101626      0.1925626810      0.4084406055      0.0170083540      0.9037288226
  343      1.0000101924      0.1911819205      0.4090636768      0.0168864992      0.9044192327
  344      1.0000102222      0.1898110606      0.4096827601      0.0167655183      0.9051046924
  345      1.0000102521      0.1884500303      0.4102978771      0.0166454052      0.9057852373
  346      1.0000102819      0.1870987593      0.4109090494      0.0165261535      0.9064609026
  347      1.0000103117      0.1857571775      0.4115162988      0.0164077572      0.9071317233
  348      1.0000103415      0.1844252154      0.4121196468      0.0162902100      0.9077977341
  349      1.0000103713      0.1831028041      0.4127191148      0.0161735059      0.9084589695
  350      1.0000104011      0.1817898751      0.4133147244      0.0160576388      0.9091154638
  351      1.0000104309      0.1804863604      0.4139064968      0.0159426028      0.9097672509
  352      1.0000104607      0.1791921925      0.4144944535      0.0158283918      0.9104143647
  353      1.0000104905      0.1779073043      0.4150786158      0.0157150000      0.9110568386
  354      1.0000105203      0.1766316294      0.4156590046      0.0156024214      0.9116947058
  355      1.0000105501      0.1753651016      0.4162356413      0.0154906504      0.9123279995
  356      1.0000105799      0.1741076554      0.4168085469      0.0153796809      0.9129567524
  357      1.0000106097      0.1728592256      0.4173777423      0.0152695074      0.9135809971
  358      1.0000106395      0.1716197477      0.4179432484      0.0151601241      0.9142007658
  359      1.0000106693      0.1703891573      0.4185050862      0.0150515254      0.9148160908
  360      1.0000106991      0.1691673909      0.4190632765      0.0149437055      0.9154270038
  361      1.0000107289      0.1679543850      0.4196178398      0.0148366590      0.9160335365
  362      1.0000107587      0.1667500770      0.4201687969      0.0147303803      0.9166357203
  363      1.0000107885      0.1655544044      0.4207161683      0.0146248638      0.9172335864
  364      1.0000108183      0.1643673053      0.4212599746      0.0145201042      0.9178271658
  365      1.0000108481      0.1631887182      0.4218002361      0.0144160959      0.9184164891
  366      1.0000108779      0.1620185821      0.4223369732      0.0143128336      0.9190015870
  367      1.0000109077      0.1608568364      0.4228702063      0.0142103120      0.9195824896
  368      1.0000109375      0.1597034210      0.4233999554      0.0141085258      0.9201592271
  369      1.0000109673      0.1585582760      0.4239262408      0.0140074696      0.9207318294
  370      1.0000109971      0.1574213423      0.4244490824      0.0139071382      0.9213003260
  371      1.0000110269      0.1562925609      0.4249685004      0.0138075265      0.9218647465
  372      1.0000110567      0.1551718734      0.4254845145      0.0137086292      0.9224251201
  373      1.0000110865      0.1540592216      0.4259971446      0.0136104413      0.9229814758
  374      1.0000111163      0.1529545481      0.4265064104      0.0135129576      0.9235338423
  375      1.0000111461      0.1518577956      0.4270123317      0.0134161732      0.9240822484
  376      1.0000111759      0.1507689074      0.4275149280      0.0133200830      0.9246267223
  377      1.0000112057      0.1496878269      0.4280142189      0.0132246820      0.9251672923
  378      1.0000112355      0.1486144982      0.4285102237      0.0131299653      0.9257039865
  379      1.0000112653      0.1475488658      0.4290029619      0.0130359279      0.9262368325
  380      1.0000112951      0.1464908745      0.4294924527      0.0129425651      0.9267658579
  381      1.0000113249      0.1454404694      0.4299787154      0.0128498719      0.9272910903
  382      1.0000113547      0.1443975962      0.4304617690      0.0127578436      0.9278125567
  383      1.0000113846      0.1433622009      0.4309416326      0.0126664753      0.9283302841
  384      1.0000114144      0.1423342299      0.4314183252      0.0125757625      0.9288442995
  385      1.0000114442      0.1413136298      0.4318918657      0.0124857003      0.9293546293
  386      1.0000114740      0.1403003479      0.4323622728      0.0123962841      0.9298613000
  387      1.0000115038      0.1392943317      0.4328295653      0.0123075093      0.9303643380
  388      1.0000115336      0.1382955290      0.4332937618      0.0122193712      0.9308637691
  389      1.0000115634      0.1373038883      0.4337548810      0.0121318654      0.9313596193
  390      1.0000115932      0.1363193580      0.4342129412      0.0120449872      0.9318519142
  391      1.0000116230      0.1353418873      0.4346679609      0.0119587322      0.9323406794
  392      1.0000116528      0.1343714254      0.4351199584      0.0118730959      0.9328259401
  393      1.0000116826      0.1334079222      0.4355689519      0.0117880738      0.9333077215
  394      1.0000117124      0.1324513278      0.4360149596      0.0117036617      0.9337860485
  395      1.0000117422      0.1315015926      0.4364579995      0.0116198550      0.9342609459
  396      1.0000117720      0.1305586673      0.4368980897      0.0115366494      0.9347324383
  397      1.0000118018      0.1296225033      0.4373352481      0.0114540407      0.9352005501
  398      1.0000118316      0.1286930520      0.4377694925      0.0113720245      0.9356653056
  399      1.0000118614      0.1277702653      0.4382008406      0.0112905967      0.9361267287
  400      1.0000118912      0.1268540954      0.4386293101      0.0112097529      0.9365848435
  401      1.0000119210      0.1259444948      0.4390549186      0.0111294890      0.9370396736
  402      1.0000119508      0.1250414165      0.4394776835      0.0110498009      0.9374912426
  403      1.0000119806      0.1241448136      0.4398976224      0.0109706844      0.9379395738
  404      1.0000120104      0.1232546398      0.4403147525      0.0108921354      0.9383846905
  405      1.0000120402      0.1223708490      0.4407290910      0.0108141498      0.9388266157
  406      1.0000120700      0.1214933953      0.4411406553      0.0107367237      0.9392653724
  407      1.0000120998      0.1206222333      0.4415494622      0.0106598529      0.9397009832
  408      1.0000121296      0.1197573180      0.4419555289      0.0105835336      0.9401334706
  409      1.0000121594      0.1188986045      0.4423588723      0.0105077617      0.9405628572
  410      1.0000121892      0.1180460483      0.4427595091      0.0104325333      0.9409891651
  411      1.0000122190      0.1171996054      0.4431574562      0.0103578446      0.9414124163
  412      1.0000122488      0.1163592318      0.4435527303      0.0102836916      0.9418326329
  413      1.0000122786      0.1155248841      0.4439453478      0.0102100706      0.9422498366
  414      1.0000123084      0.1146965190      0.4443353254      0.0101369777      0.9426640489
  415      1.0000123382      0.1138740937      0.4447226795      0.0100644091      0.9430752914
  416      1.0000123680      0.1130575656      0.4451074264      0.0099923610      0.9434835853
  417      1.0000123978      0.1122468923      0.4454895823      0.0099208298      0.9438889517
  418      1.0000124276      0.1114420319      0.4458691635      0.0098498117      0.9442914117
  419      1.0000124574      0.1106429427      0.4462461861      0.0097793031      0.9446909861
  420      1.0000124873      0.1098495833      0.4466206661      0.0097093003      0.9450876956
  421      1.0000125171      0.1090619127      0.4469926193      0.0096397996      0.9454815607
  422      1.0000125469      0.1082798900      0.4473620617      0.0095707975      0.9458726018
  423      1.0000125767      0.1075034748      0.4477290091      0.0095022903      0.9462608392
  424      1.0000126065      0.1067326269      0.4480934771      0.0094342747      0.9466462930
  425      1.0000126363      0.1059673062      0.4484554814      0.0093667469      0.9470289832
  426      1.0000126661      0.1052074732      0.4488150374      0.0092997035      0.9474089294
  427      1.0000126959      0.1044530886      0.4491721607      0.0092331411      0.9477861516
  428      1.0000127257      0.1037041133      0.4495268665      0.0091670562      0.9481606690
  429      1.0000127555      0.1029605084      0.4498791703      0.0091014454      0.9485325013
  430      1.0000127853      0.1022222356      0.4502290871      0.0090363052      0.9489016675
  431      1.0000128151      0.1014892564      0.4505766322      0.0089716323      0.9492681869
  432      1.0000128449      0.1007615331      0.4509218205      0.0089074234      0.9496320783
  433      1.0000128747      0.1000390279      0.4512646671      0.0088436751      0.9499933608
  434      1.0000129045      0.0993217033      0.4516051868      0.0087803841      0.9503520528
  435      1.0000129343      0.0986095223      0.4519433945      0.0087175472      0.9507081731
  436      1.0000129641      0.0979024479      0.4522793048      0.0086551610      0.9510617401
  437      1.0000129939      0.0972004436      0.4526129324      0.0085932224      0.9514127721
  438      1.0000130237      0.0965034730      0.4529442919      0.0085317281      0.9517612872
  439      1.0000130535      0.0958114999      0.4532733978      0.0084706750      0.9521073035
  440      1.0000130833      0.0951244887      0.4536002645      0.0084100599      0.9524508390
  441      1.0000131131      0.0944424036      0.4539249064      0.0083498796      0.9527919113
  442      1.0000131429      0.0937652093      0.4542473376      0.0082901311      0.9531305383
  443      1.0000131727      0.0930928708      0.4545675724      0.0082308112      0.9534667373
  444      1.0000132025      0.0924253533      0.4548856248      0.0081719168      0.9538005258
  445      1.0000132323      0.0917626222      0.4552015090      0.0081134450      0.9541319212
  446      1.0000132621      0.0911046432      0.4555152387      0.0080553927      0.9544609405
  447      1.0000132919      0.0904513822      0.4558268280      0.0079977568      0.9547876008
  448      1.0000133217      0.0898028053      0.4561362906      0.0079405344      0.9551119191
  449      1.0000133515      0.0891588791      0.4564436402      0.0078837226      0.9554339120
  450      1.0000133813      0.0885195701      0.4567488905      0.0078273183      0.9557535963
  451      1.0000134111      0.0878848452      0.4570520550      0.0077713187      0.9560709885
  452      1.0000134409      0.0872546716      0.4573531472      0.0077157208      0.9563861052
  453      1.0000134707      0.0866290165      0.4576521805      0.0076605218      0.9566989625
  454      1.0000135005      0.0860078478      0.4579491683      0.0076057189      0.9570095767
  455      1.0000135303      0.0853911331      0.4582441238      0.0075513091      0.9573179638
  456      1.0000135601      0.0847788405      0.4585370601      0.0074972896      0.9576241399
  457      1.0000135900      0.0841709383      0.4588279905      0.0074436577      0.9579281208
  458      1.0000136198      0.0835673950      0.4591169280      0.0073904106      0.9582299222
  459      1.0000136496      0.0829681794      0.4594038854      0.0073375455      0.9585295598
  460      1.0000136794      0.0823732605      0.4596888758      0.0072850597      0.9588270491
  461      1.0000137092      0.0817826074      0.4599719119      0.0072329505      0.9591224055
  462      1.0000137390      0.0811961895      0.4602530064      0.0071812151      0.9594156442
  463      1.0000137688      0.0806139766      0.4605321721      0.0071298509      0.9597067805
  464      1.0000137986      0.0800359383      0.4608094214      0.0070788552      0.9599958294
  465      1.0000138284      0.0794620449      0.4610847670      0.0070282254      0.9602828059
  466      1.0000138582      0.0788922665      0.4613582213      0.0069779588      0.9605677249
  467      1.0000138880      0.0783265737      0.4616297967      0.0069280529      0.9608506011
  468      1.0000139178      0.0777649371      0.4618995055      0.0068785051      0.9611314492
  469      1.0000139476      0.0772073278      0.4621673598      0.0068293127      0.9614102837
  470      1.0000139774      0.0766537167      0.4624333720      0.0067804733      0.9616871190
  471      1.0000140072      0.0761040753      0.4626975540      0.0067319843      0.9619619695
  472      1.0000140370      0.0755583750      0.4629599178      0.0066838432      0.9622348495
  473      1.0000140668      0.0750165877      0.4632204756      0.0066360475      0.9625057729
  474      1.0000140966      0.0744786852      0.4634792390      0.0065885948      0.9627747540
  475      1.0000141264      0.0739446398      0.4637362200      0.0065414825      0.9630418065
  476      1.0000141562      0.0734144237      0.4639914302      0.0064947082      0.9633069444
  477      1.0000141860      0.0728880094      0.4642448814      0.0064482696      0.9635701813
  478      1.0000142158      0.0723653698      0.4644965852      0.0064021641      0.9638315309
  479      1.0000142456      0.0718464778      0.4647465530      0.0063563895      0.9640910067
  480      1.0000142754      0.0713313064      0.4649947963      0.0063109433      0.9643486222
