# time   trace   domains   purity   coherence  equireached
    1      1.0000000000      6.5454545455      0.0010822511      0.0000000000      0.0000000000
    2      1.0000000298      6.0000001788      0.0004673357      0.5454545915      0.0000000000
    3      1.0000000596      5.5454548760      0.0004120736      0.6703431403      0.0000000000
    4      1.0000000894      5.1624583740      0.0004369264      0.6427696452      0.0000000000
    5      1.0000001192      4.8363779928      0.0004969391      0.6480543142      0.0000000000
    6      1.0000001490      4.5560275740      0.0005820217      0.5830737025      0.0000000000
    7      1.0000001788      4.3127680443      0.0006885161      0.5394594919      0.0000676407
    8      1.0000002086      4.0998653698      0.0008144648      0.5030819133      0.0003181446
    9      1.0000002384      3.9120255175      0.0009583577      0.4675854078      0.0008675993
   10      1.0000002682      3.7450532158      0.0011187936      0.4374320049      0.0018035299
   11      1.0000002980      3.5955986160      0.0012945137      0.4171540065      0.0031774826
   12      1.0000003278      3.4609672479      0.0014845614      0.3986756064      0.0050097798
   13      1.0000003576      3.3389761494      0.0016884141      0.3838954988      0.0072978541
   14      1.0000003874      3.2278440851      0.0019060377      0.3700894924      0.0100240427
   15      1.0000004172      3.1261072103      0.0021378678      0.3577922035      0.0131616358
   16      1.0000004470      3.0325539038      0.0023847431      0.3460895725      0.0166791718
   17      1.0000004768      2.9461741600      0.0026478161      0.3355836175      0.0205433202
   18      1.0000005066      2.8661201055      0.0029284602      0.3265766955      0.0247207293
   19      1.0000005364      2.7916750617      0.0032281821      0.3184729587      0.0291791544
   20      1.0000005662      2.7222291944      0.0035485472      0.3108913136      0.0338881055
   21      1.0000005960      2.6572602587      0.0038911179      0.3039222421      0.0388191812
   22      1.0000006258      2.5963182932      0.0042574063      0.2972408096      0.0439462034
   23      1.0000006557      2.5390133860      0.0046488382      0.2908631621      0.0492452241
   24      1.0000006855      2.4850058356      0.0050667288      0.2846862170      0.0546944548
   25      1.0000007153      2.4339981870      0.0055122660      0.2786813256      0.0602741485
   26      1.0000007451      2.3857287423      0.0059865014      0.2727835540      0.0659664591
   27      1.0000007749      2.3399662377      0.0064903461      0.2670645402      0.0717552903
   28      1.0000008047      2.2965054477      0.0070245706      0.2615018093      0.0776261447
   29      1.0000008345      2.2551635337      0.0075898084      0.2561176500      0.0835659772
   30      1.0000008643      2.2157769916      0.0081865610      0.2509944377      0.0895630562
   31      1.0000008941      2.1781990874      0.0088152046      0.2462889079      0.0956068351
   32      1.0000009239      2.1422976913      0.0094759978      0.2417943760      0.1016878340
   33      1.0000009537      2.1079534402      0.0101690901      0.2374559186      0.1077975323
   34      1.0000009835      2.0750581726      0.0108945298      0.2332687279      0.1139282713
   35      1.0000010133      2.0435135900      0.0116522732      0.2292748783      0.1200731672
   36      1.0000010431      2.0132301077      0.0124421922      0.2254771586      0.1262260331
   37      1.0000010729      1.9841258653      0.0132640833      0.2219286362      0.1323813089
   38      1.0000011027      1.9561258715      0.0141176746      0.2185271902      0.1385339990
   39      1.0000011325      1.9291612633      0.0150026337      0.2152427879      0.1446796173
   40      1.0000011623      1.9031686618      0.0159185745      0.2120727433      0.1508141372
   41      1.0000011921      1.8780896107      0.0168650642      0.2090113379      0.1569339478
   42      1.0000012219      1.8538700858      0.0178416290      0.2060618489      0.1630358147
   43      1.0000012517      1.8304600649      0.0188477602      0.2032056126      0.1691168441
   44      1.0000012815      1.8078131502      0.0198829192      0.2004397754      0.1751744517
   45      1.0000013113      1.7858862357      0.0209465428      0.1977660960      0.1812063341
   46      1.0000013411      1.7646392127      0.0220380471      0.1951846100      0.1872104427
   47      1.0000013709      1.7440347099      0.0231568322      0.1926940928      0.1931849610
   48      1.0000014007      1.7240378619      0.0243022851      0.1902848488      0.1991282828
   49      1.0000014305      1.7046161034      0.0254737837      0.1879558967      0.2050389937
   50      1.0000014603      1.6857389846      0.0266706993      0.1857146269      0.2109158531
   51      1.0000014901      1.6673780063      0.0278923993      0.1835693312      0.2167577782
   52      1.0000015199      1.6495064716      0.0291382493      0.1814922286      0.2225638298
   53      1.0000015497      1.6320993516      0.0304076156      0.1795068594      0.2283331989
   54      1.0000015795      1.6151331644      0.0316998665      0.1775920955      0.2340651943
   55      1.0000016093      1.5985858650      0.0330143739      0.1757361519      0.2397592315
   56      1.0000016391      1.5824367448      0.0343505147      0.1739358820      0.2454148231
   57      1.0000016689      1.5666663403      0.0357076719      0.1721893893      0.2510315688
   58      1.0000016987      1.5512563494      0.0370852355      0.1704930693      0.2566091474
   59      1.0000017285      1.5361895541      0.0384826033      0.1688458948      0.2621473089
   60      1.0000017583      1.5214497500      0.0398991815      0.1672517301      0.2676458676
   61      1.0000017881      1.5070216805      0.0413343854      0.1657086487      0.2731046954
   62      1.0000018179      1.4928909771      0.0427876396      0.1642122605      0.2785237163
   63      1.0000018477      1.4790441028      0.0442583784      0.1627854702      0.2839029006
   64      1.0000018775      1.4654683004      0.0457460462      0.1613984594      0.2892422606
   65      1.0000019074      1.4521515445      0.0472500975      0.1600488545      0.2945418457
   66      1.0000019372      1.4390824965      0.0487699971      0.1587304083      0.2998017384
   67      1.0000019670      1.4262504622      0.0503052200      0.1574409869      0.3050220510
   68      1.0000019968      1.4136453538      0.0518552516      0.1561822231      0.3102029218
   69      1.0000020266      1.4012576525      0.0534195878      0.1549849372      0.3153445126
   70      1.0000020564      1.3890783747      0.0549977344      0.1538247487      0.3204470053
   71      1.0000020862      1.3770990404      0.0565892076      0.1526839952      0.3255106001
   72      1.0000021160      1.3653116426      0.0581935335      0.1515671986      0.3305355127
   73      1.0000021458      1.3537086199      0.0598102484      0.1504691065      0.3355219727
   74      1.0000021756      1.3422828299      0.0614388980      0.1493868093      0.3404702213
   75      1.0000022054      1.3310275246      0.0630790377      0.1483305241      0.3453805102
   76      1.0000022352      1.3199363269      0.0647302326      0.1472930679      0.3502530996
   77      1.0000022650      1.3090032097      0.0663920568      0.1462671388      0.3550882570
   78      1.0000022948      1.2982224744      0.0680640934      0.1452533467      0.3598862561
   79      1.0000023246      1.2875887323      0.0697459348      0.1442496463      0.3646473759
   80      1.0000023544      1.2770968865      0.0714371816      0.1432552115      0.3693718991
   81      1.0000023842      1.2667421147      0.0731374434      0.1422703062      0.3740601118
   82      1.0000024140      1.2565198533      0.0748463378      0.1412941399      0.3787123025
   83      1.0000024438      1.2464257825      0.0765634906      0.1403255925      0.3833287613
   84      1.0000024736      1.2364558118      0.0782885357      0.1393642459      0.3879097794
   85      1.0000025034      1.2266060671      0.0800211147      0.1384100629      0.3924556488
   86      1.0000025332      1.2168728778      0.0817608767      0.1374635874      0.3969666613
   87      1.0000025630      1.2072527652      0.0835074785      0.1365233830      0.4014431083
   88      1.0000025928      1.1977424316      0.0852605839      0.1355890660      0.4058852805
   89      1.0000026226      1.1883387492      0.0870198639      0.1346604149      0.4102934676
   90      1.0000026524      1.1790387509      0.0887849964      0.1337372369      0.4146679578
   91      1.0000026822      1.1698396208      0.0905556660      0.1328193650      0.4190090375
   92      1.0000027120      1.1607386854      0.0923315642      0.1319066587      0.4233169916
   93      1.0000027418      1.1517334054      0.0941123885      0.1309992847      0.4275921026
   94      1.0000027716      1.1428213682      0.0958978433      0.1300979547      0.4318346509
   95      1.0000028014      1.1340002801      0.0976876386      0.1292018456      0.4360449145
   96      1.0000028312      1.1252679601      0.0994814908      0.1283107255      0.4402231691
   97      1.0000028610      1.1166223329      0.1012791223      0.1274242754      0.4443696876
   98      1.0000028908      1.1080614232      0.1030802609      0.1265426737      0.4484847403
   99      1.0000029206      1.0995833495      0.1048846405      0.1256656032      0.4525685949
  100      1.0000029504      1.0911863193      0.1066920002      0.1247931261      0.4566215163
  101      1.0000029802      1.0828686237      0.1085020847      0.1239252749      0.4606437665
  102      1.0000030100      1.0746286325      0.1103146441      0.1230623075      0.4646356048
  103      1.0000030398      1.0664647899      0.1121294335      0.1222038053      0.4685972876
  104      1.0000030696      1.0583756103      0.1139462132      0.1213497379      0.4725290686
  105      1.0000030994      1.0503596742      0.1157647487      0.1205001088      0.4764311984
  106      1.0000031292      1.0424156244      0.1175848102      0.1196549251      0.4803039251
  107      1.0000031591      1.0345421625      0.1194061726      0.1188141973      0.4841474938
  108      1.0000031889      1.0267380457      0.1212286158      0.1179779741      0.4879621469
  109      1.0000032187      1.0190020835      0.1230519242      0.1171468632      0.4917481238
  110      1.0000032485      1.0113331349      0.1248758867      0.1163202106      0.4955056616
  111      1.0000032783      1.0037301054      0.1267002968      0.1154980957      0.4992349943
  112      1.0000033081      0.9961919447      0.1285249523      0.1146805203      0.5029363535
  113      1.0000033379      0.9887176438      0.1303496553      0.1138675795      0.5066099680
  114      1.0000033677      0.9813062332      0.1321742120      0.1130594758      0.5102560640
  115      1.0000033975      0.9739567802      0.1339984331      0.1122559194      0.5138748654
  116      1.0000034273      0.9666683874      0.1358221329      0.1114569199      0.5174665932
  117      1.0000034571      0.9594401902      0.1376451301      0.1106624745      0.5210314662
  118      1.0000034869      0.9522713553      0.1394672472      0.1098726105      0.5245697007
  119      1.0000035167      0.9451610791      0.1412883104      0.1090873334      0.5280815106
  120      1.0000035465      0.9381085857      0.1431081499      0.1083066588      0.5315671075
  121      1.0000035763      0.9311131257      0.1449265997      0.1075306008      0.5350267006
  122      1.0000036061      0.9241739747      0.1467434972      0.1067591725      0.5384604969
  123      1.0000036359      0.9172904318      0.1485586836      0.1059923973      0.5418687011
  124      1.0000036657      0.9104618186      0.1503720036      0.1052303205      0.5452515159
  125      1.0000036955      0.9036874777      0.1521833053      0.1044729726      0.5486091418
  126      1.0000037253      0.8969667720      0.1539924405      0.1037203232      0.5519417769
  127      1.0000037551      0.8902990830      0.1557992640      0.1029726602      0.5552496178
  128      1.0000037849      0.8836838105      0.1576036341      0.1022296594      0.5585328585
  129      1.0000038147      0.8771203712      0.1594054124      0.1014913136      0.5617916915
  130      1.0000038445      0.8706081981      0.1612044637      0.1007576260      0.5650263070
  131      1.0000038743      0.8641467394      0.1630006558      0.1000286010      0.5682368935
  132      1.0000039041      0.8577354578      0.1647938598      0.0993042527      0.5714236376
  133      1.0000039339      0.8513738299      0.1665839497      0.0985846139      0.5745867239
  134      1.0000039637      0.8450613455      0.1683708026      0.0978696308      0.5777263354
  135      1.0000039935      0.8387975069      0.1701542984      0.0971593020      0.5808426533
  136      1.0000040233      0.8325818279      0.1719343201      0.0964536202      0.5839358568
  137      1.0000040531      0.8264138340      0.1737107533      0.0957525822      0.5870061238
  138      1.0000040829      0.8202930611      0.1754834867      0.0950561801      0.5900536303
  139      1.0000041127      0.8142190556      0.1772524115      0.0943644115      0.5930785505
  140      1.0000041425      0.8081913735      0.1790174218      0.0936772688      0.5960810573
  141      1.0000041723      0.8022095799      0.1807784142      0.0929947328      0.5990613218
  142      1.0000042021      0.7962732491      0.1825352880      0.0923167927      0.6020195136
  143      1.0000042319      0.7903819635      0.1842879451      0.0916434367      0.6049558006
  144      1.0000042617      0.7845353137      0.1860362900      0.0909746519      0.6078703496
  145      1.0000042915      0.7787328981      0.1877802294      0.0903104248      0.6107633254
  146      1.0000043213      0.7729743223      0.1895196729      0.0896507409      0.6136348916
  147      1.0000043511      0.7672591990      0.1912545320      0.0889955850      0.6164852105
  148      1.0000043810      0.7615871476      0.1929847210      0.0883449412      0.6193144426
  149      1.0000044108      0.7559577940      0.1947101564      0.0876987949      0.6221227473
  150      1.0000044406      0.7503707703      0.1964307567      0.0870571266      0.6249102826
  151      1.0000044704      0.7448257146      0.1981464432      0.0864199181      0.6276772049
  152      1.0000045002      0.7393222704      0.1998571388      0.0857871509      0.6304236695
  153      1.0000045300      0.7338600869      0.2015627691      0.0851588058      0.6331498304
  154      1.0000045598      0.7284388187      0.2032632615      0.0845348632      0.6358558401
  155      1.0000045896      0.7230581251      0.2049585457      0.0839153028      0.6385418500
  156      1.0000046194      0.7177176706      0.2066485532      0.0833001040      0.6412080101
  157      1.0000046492      0.7124171241      0.2083332179      0.0826892460      0.6438544693
  158      1.0000046790      0.7071561592      0.2100124753      0.0820827070      0.6464813751
  159      1.0000047088      0.7019344539      0.2116862631      0.0814804653      0.6490888739
  160      1.0000047386      0.6967516903      0.2133545209      0.0808824986      0.6516771108
  161      1.0000047684      0.6916075546      0.2150171901      0.0802887844      0.6542462300
  162      1.0000047982      0.6865017369      0.2166742141      0.0796992998      0.6567963741
  163      1.0000048280      0.6814339311      0.2183255379      0.0791140218      0.6593276849
  164      1.0000048578      0.6764038350      0.2199711085      0.0785329299      0.6618403028
  165      1.0000048876      0.6714111496      0.2216108745      0.0779560056      0.6643343673
  166      1.0000049174      0.6664555798      0.2232447863      0.0773832165      0.6668100166
  167      1.0000049472      0.6615368334      0.2248727961      0.0768145385      0.6692673879
  168      1.0000049770      0.6566546218      0.2264948575      0.0762499477      0.6717066174
  169      1.0000050068      0.6518086595      0.2281109260      0.0756894196      0.6741278399
  170      1.0000050366      0.6469986640      0.2297209585      0.0751329301      0.6765311895
  171      1.0000050664      0.6422243559      0.2313249137      0.0745804545      0.6789167991
  172      1.0000050962      0.6374854587      0.2329227515      0.0740319683      0.6812848005
  173      1.0000051260      0.6327816987      0.2345144337      0.0734874468      0.6836353245
  174      1.0000051558      0.6281128051      0.2360999233      0.0729468654      0.6859685009
  175      1.0000051856      0.6234785097      0.2376791850      0.0724101990      0.6882844586
  176      1.0000052154      0.6188785469      0.2392521847      0.0718774229      0.6905833252
  177      1.0000052452      0.6143126539      0.2408188898      0.0713485121      0.6928652277
  178      1.0000052750      0.6097805703      0.2423792691      0.0708234417      0.6951302918
  179      1.0000053048      0.6052820382      0.2439332929      0.0703021867      0.6973786424
  180      1.0000053346      0.6008168021      0.2454809325      0.0697847222      0.6996104034
  181      1.0000053644      0.5963846089      0.2470221607      0.0692710242      0.7018256978
  182      1.0000053942      0.5919852078      0.2485569516      0.0687610686      0.7040246475
  183      1.0000054240      0.5876183503      0.2500852806      0.0682548285      0.7062073736
  184      1.0000054538      0.5832837902      0.2516071241      0.0677522793      0.7083739962
  185      1.0000054836      0.5789812835      0.2531224599      0.0672533960      0.7105246346
  186      1.0000055134      0.5747105882      0.2546312669      0.0667581539      0.7126594071
  187      1.0000055432      0.5704714646      0.2561335252      0.0662665284      0.7147784312
  188      1.0000055730      0.5662636749      0.2576292161      0.0657784947      0.7168818233
  189      1.0000056029      0.5620869836      0.2591183218      0.0652940284      0.7189696992
  190      1.0000056327      0.5579411571      0.2606008259      0.0648131048      0.7210421735
  191      1.0000056625      0.5538259636      0.2620767127      0.0643356997      0.7230993602
  192      1.0000056923      0.5497411736      0.2635459679      0.0638617887      0.7251413724
  193      1.0000057221      0.5456865593      0.2650085781      0.0633913476      0.7271683223
  194      1.0000057519      0.5416618948      0.2664645307      0.0629243521      0.7291803211
  195      1.0000057817      0.5376669561      0.2679138145      0.0624607783      0.7311774795
  196      1.0000058115      0.5337015212      0.2693564188      0.0620006022      0.7331599070
  197      1.0000058413      0.5297653696      0.2707923343      0.0615437999      0.7351277126
  198      1.0000058711      0.5258582828      0.2722215523      0.0610903477      0.7370810044
  199      1.0000059009      0.5219800442      0.2736440652      0.0606402221      0.7390198894
  200      1.0000059307      0.5181304386      0.2750598660      0.0601933993      0.7409444743
  201      1.0000059605      0.5143092528      0.2764689491      0.0597498562      0.7428548645
  202      1.0000059903      0.5105162752      0.2778713092      0.0593095694      0.7447511650
  203      1.0000060201      0.5067512960      0.2792669421      0.0588725156      0.7466334799
  204      1.0000060499      0.5030141067      0.2806558445      0.0584386720      0.7485019123
  205      1.0000060797      0.4993045010      0.2820380136      0.0580080155      0.7503565648
  206      1.0000061095      0.4956222738      0.2834134478      0.0575805234      0.7521975393
  207      1.0000061393      0.4919672218      0.2847821458      0.0571561731      0.7540249365
  208      1.0000061691      0.4883391431      0.2861441075      0.0567349419      0.7558388569
  209      1.0000061989      0.4847378376      0.2874993332      0.0563168074      0.7576393999
  210      1.0000062287      0.4811631067      0.2888478240      0.0559017475      0.7594266642
  211      1.0000062585      0.4776147533      0.2901895819      0.0554897400      0.7612007479
  212      1.0000062883      0.4740925817      0.2915246092      0.0550807628      0.7629617482
  213      1.0000063181      0.4705963979      0.2928529093      0.0546747940      0.7647097618
  214      1.0000063479      0.4671260093      0.2941744859      0.0542718120      0.7664448844
  215      1.0000063777      0.4636812249      0.2954893436      0.0538717952      0.7681672112
  216      1.0000064075      0.4602618549      0.2967974875      0.0534747220      0.7698768367
  217      1.0000064373      0.4568677113      0.2980989232      0.0530805711      0.7715738545
  218      1.0000064671      0.4534986072      0.2993936573      0.0526893213      0.7732583577
  219      1.0000064969      0.4501543573      0.3006816964      0.0523009515      0.7749304387
  220      1.0000065267      0.4468347777      0.3019630483      0.0519154409      0.7765901891
  221      1.0000065565      0.4435396859      0.3032377208      0.0515327687      0.7782376998
  222      1.0000065863      0.4402689008      0.3045057226      0.0511529141      0.7798730613
  223      1.0000066161      0.4370222425      0.3057670628      0.0507758566      0.7814963631
  224      1.0000066459      0.4337995326      0.3070217511      0.0504015759      0.7831076942
  225      1.0000066757      0.4306005942      0.3082697976      0.0500300518      0.7847071429
  226      1.0000067055      0.4274252514      0.3095112129      0.0496612640      0.7862947969
  227      1.0000067353      0.4242733298      0.3107460082      0.0492951928      0.7878707431
  228      1.0000067651      0.4211446564      0.3119741951      0.0489318181      0.7894350681
  229      1.0000067950      0.4180390594      0.3131957857      0.0485711202      0.7909878574
  230      1.0000068248      0.4149563682      0.3144107924      0.0482130798      0.7925291963
  231      1.0000068546      0.4118964136      0.3156192283      0.0478576772      0.7940591690
  232      1.0000068844      0.4088590277      0.3168211066      0.0475048931      0.7955778596
  233      1.0000069142      0.4058440437      0.3180164413      0.0471547085      0.7970853512
  234      1.0000069440      0.4028512962      0.3192052464      0.0468071043      0.7985817264
  235      1.0000069738      0.3998806210      0.3203875366      0.0464620616      0.8000670672
  236      1.0000070036      0.3969318551      0.3215633268      0.0461195615      0.8015414550
  237      1.0000070334      0.3940048366      0.3227326324      0.0457795856      0.8030049706
  238      1.0000070632      0.3910994051      0.3238954692      0.0454421152      0.8044576942
  239      1.0000070930      0.3882154012      0.3250518531      0.0451071319      0.8058997054
  240      1.0000071228      0.3853526666      0.3262018007      0.0447746176      0.8073310832
  241      1.0000071526      0.3825110443      0.3273453286      0.0444445541      0.8087519059
  242      1.0000071824      0.3796903786      0.3284824539      0.0441169235      0.8101622516
  243      1.0000072122      0.3768905147      0.3296131941      0.0437917077      0.8115621974
  244      1.0000072420      0.3741112990      0.3307375669      0.0434688893      0.8129518200
  245      1.0000072718      0.3713525793      0.3318555902      0.0431484504      0.8143311956
  246      1.0000073016      0.3686142042      0.3329672823      0.0428303736      0.8157003998
  247      1.0000073314      0.3658960237      0.3340726619      0.0425146417      0.8170595075
  248      1.0000073612      0.3631978886      0.3351717478      0.0422012372      0.8184085932
  249      1.0000073910      0.3605196510      0.3362645592      0.0418901432      0.8197477309
  250      1.0000074208      0.3578611642      0.3373511153      0.0415813426      0.8210769939
  251      1.0000074506      0.3552222824      0.3384314359      0.0412748186      0.8223964550
  252      1.0000074804      0.3526028610      0.3395055409      0.0409705545      0.8237061865
  253      1.0000075102      0.3500027563      0.3405734503      0.0406685335      0.8250062602
  254      1.0000075400      0.3474218259      0.3416351845      0.0403687393      0.8262967473
  255      1.0000075698      0.3448599283      0.3426907641      0.0400711553      0.8275777185
  256      1.0000075996      0.3423169231      0.3437402099      0.0397757655      0.8288492439
  257      1.0000076294      0.3397926709      0.3447835428      0.0394825535      0.8301113933
  258      1.0000076592      0.3372870334      0.3458207840      0.0391915034      0.8313642357
  259      1.0000076890      0.3347998732      0.3468519551      0.0389025993      0.8326078399
  260      1.0000077188      0.3323310541      0.3478770774      0.0386158254      0.8338422738
  261      1.0000077486      0.3298804407      0.3488961728      0.0383311659      0.8350676053
  262      1.0000077784      0.3274478988      0.3499092632      0.0380486054      0.8362839013
  263      1.0000078082      0.3250332950      0.3509163708      0.0377681284      0.8374912285
  264      1.0000078380      0.3226364971      0.3519175177      0.0374897194      0.8386896531
  265      1.0000078678      0.3202573736      0.3529127264      0.0372133634      0.8398792407
  266      1.0000078976      0.3178957944      0.3539020195      0.0369390451      0.8410600564
  267      1.0000079274      0.3155516298      0.3548854196      0.0366667496      0.8422321650
  268      1.0000079573      0.3132247516      0.3558629498      0.0363964620      0.8433956307
  269      1.0000079871      0.3109150321      0.3568346328      0.0361281675      0.8445505172
  270      1.0000080169      0.3086223449      0.3578004919      0.0358618513      0.8456968878
  271      1.0000080467      0.3063465643      0.3587605504      0.0355974989      0.8468348052
  272      1.0000080765      0.3040875656      0.3597148314      0.0353350959      0.8479643318
  273      1.0000081063      0.3018452250      0.3606633587      0.0350746279      0.8490855296
  274      1.0000081361      0.2996194198      0.3616061556      0.0348160807      0.8501984598
  275      1.0000081659      0.2974100279      0.3625432459      0.0345594400      0.8513031834
  276      1.0000081957      0.2952169283      0.3634746535      0.0343046918      0.8523997611
  277      1.0000082255      0.2930400008      0.3644004021      0.0340518222      0.8534882528
  278      1.0000082553      0.2908791262      0.3653205157      0.0338008173      0.8545687182
  279      1.0000082851      0.2887341861      0.3662350184      0.0335516635      0.8556412165
  280      1.0000083149      0.2866050629      0.3671439343      0.0333043470      0.8567058064
  281      1.0000083447      0.2844916400      0.3680472876      0.0330588543      0.8577625462
  282      1.0000083745      0.2823938017      0.3689451026      0.0328151720      0.8588114938
  283      1.0000084043      0.2803114330      0.3698374036      0.0325732867      0.8598527067
  284      1.0000084341      0.2782444198      0.3707242151      0.0323331851      0.8608862420
  285      1.0000084639      0.2761926488      0.3716055615      0.0320948543      0.8619121561
  286      1.0000084937      0.2741560077      0.3724814673      0.0318582810      0.8629305055
  287      1.0000085235      0.2721343850      0.3733519571      0.0316234523      0.8639413457
  288      1.0000085533      0.2701276697      0.3742170555      0.0313903554      0.8649447322
  289      1.0000085831      0.2681357520      0.3750767871      0.0311589775      0.8659407200
  290      1.0000086129      0.2661585229      0.3759311767      0.0309293060      0.8669293636
  291      1.0000086427      0.2641958738      0.3767802491      0.0307013282      0.8679107172
  292      1.0000086725      0.2622476974      0.3776240289      0.0304750316      0.8688848345
  293      1.0000087023      0.2603138870      0.3784625410      0.0302504039      0.8698517688
  294      1.0000087321      0.2583943365      0.3792958102      0.0300274328      0.8708115733
  295      1.0000087619      0.2564889407      0.3801238613      0.0298061061      0.8717643004
  296      1.0000087917      0.2545975955      0.3809467193      0.0295864116      0.8727100023
  297      1.0000088215      0.2527201970      0.3817644090      0.0293683373      0.8736487308
  298      1.0000088513      0.2508566425      0.3825769552      0.0291518712      0.8745805373
  299      1.0000088811      0.2490068299      0.3833843830      0.0289370016      0.8755054730
  300      1.0000089109      0.2471706578      0.3841867172      0.0287237165      0.8764235884
  301      1.0000089407      0.2453480257      0.3849839828      0.0285120045      0.8773349339
  302      1.0000089705      0.2435388337      0.3857762047      0.0283018537      0.8782395593
  303      1.0000090003      0.2417429826      0.3865634077      0.0280932529      0.8791375143
  304      1.0000090301      0.2399603742      0.3873456169      0.0278861904      0.8800288480
  305      1.0000090599      0.2381909108      0.3881228571      0.0276806550      0.8809136092
  306      1.0000090897      0.2364344954      0.3888951532      0.0274766354      0.8817918464
  307      1.0000091196      0.2346910317      0.3896625301      0.0272741204      0.8826636078
  308      1.0000091494      0.2329604244      0.3904250128      0.0270730990      0.8835289410
  309      1.0000091792      0.2312425786      0.3911826260      0.0268735601      0.8843878935
  310      1.0000092090      0.2295374002      0.3919353946      0.0266754928      0.8852405122
  311      1.0000092388      0.2278447958      0.3926833435      0.0264788862      0.8860868441
  312      1.0000092686      0.2261646726      0.3934264974      0.0262837296      0.8869269353
  313      1.0000092984      0.2244969386      0.3941648811      0.0260900124      0.8877608319
  314      1.0000093282      0.2228415025      0.3948985194      0.0258977237      0.8885885795
  315      1.0000093580      0.2211982736      0.3956274370      0.0257068533      0.8894102236
  316      1.0000093878      0.2195671618      0.3963516586      0.0255173905      0.8902258092
  317      1.0000094176      0.2179480778      0.3970712087      0.0253293250      0.8910353808
  318      1.0000094474      0.2163409330      0.3977861122      0.0251426465      0.8918389829
  319      1.0000094772      0.2147456392      0.3984963934      0.0249573447      0.8926366595
  320      1.0000095070      0.2131621091      0.3992020770      0.0247734096      0.8934284542
  321      1.0000095368      0.2115902559      0.3999031875      0.0245908311      0.8942144105
  322      1.0000095666      0.2100299936      0.4005997494      0.0244095991      0.8949945714
  323      1.0000095964      0.2084812366      0.4012917870      0.0242297037      0.8957689796
  324      1.0000096262      0.2069439001      0.4019793247      0.0240511350      0.8965376775
  325      1.0000096560      0.2054179000      0.4026623868      0.0238738833      0.8973007073
  326      1.0000096858      0.2039031525      0.4033409977      0.0236979389      0.8980581108
  327      1.0000097156      0.2023995748      0.4040151815      0.0235232921      0.8988099294
  328      1.0000097454      0.2009070844      0.4046849625      0.0233499334      0.8995562043
  329      1.0000097752      0.1994255996      0.4053503646      0.0231778532      0.9002969764
  330      1.0000098050      0.1979550393      0.4060114121      0.0230070422      0.9010322863
  331      1.0000098348      0.1964953228      0.4066681288      0.0228374909      0.9017621743
  332      1.0000098646      0.1950463703      0.4073205388      0.0226691901      0.9024866803
  333      1.0000098944      0.1936081023      0.4079686659      0.0225021306      0.9032058440
  334      1.0000099242      0.1921804402      0.4086125339      0.0223363032      0.9039197049
  335      1.0000099540      0.1907633055      0.4092521667      0.0221716988      0.9046283020
  336      1.0000099838      0.1893566208      0.4098875879      0.0220083084      0.9053316741
  337      1.0000100136      0.1879603090      0.4105188212      0.0218461231      0.9060298598
  338      1.0000100434      0.1865742935      0.4111458901      0.0216851339      0.9067228972
  339      1.0000100732      0.1851984985      0.4117688181      0.0215253321      0.9074108245
  340      1.0000101030      0.1838328486      0.4123876288      0.0213667089      0.9080936793
  341      1.0000101328      0.1824772689      0.4130023453      0.0212092555      0.9087714988
  342      1.0000101626      0.1811316853      0.4136129912      0.0210529635      0.9094443204
  343      1.0000101924      0.1797960240      0.4142195895      0.0208978242      0.9101121809
  344      1.0000102222      0.1784702118      0.4148221634      0.0207438290      0.9107751167
  345      1.0000102521      0.1771541762      0.4154207361      0.0205909697      0.9114331643
  346      1.0000102819      0.1758478449      0.4160153305      0.0204392377      0.9120863597
  347      1.0000103117      0.1745511466      0.4166059696      0.0202886249      0.9127347387
  348      1.0000103415      0.1732640100      0.4171926762      0.0201391228      0.9133783367
  349      1.0000103713      0.1719863648      0.4177754732      0.0199907234      0.9140171891
  350      1.0000104011      0.1707181409      0.4183543832      0.0198434186      0.9146513309
  351      1.0000104309      0.1694592689      0.4189294289      0.0196972001      0.9152807967
  352      1.0000104607      0.1682096798      0.4195006328      0.0195520601      0.9159056210
  353      1.0000104905      0.1669693051      0.4200680174      0.0194079906      0.9165258381
  354      1.0000105203      0.1657380769      0.4206316051      0.0192649837      0.9171414820
  355      1.0000105501      0.1645159278      0.4211914182      0.0191230315      0.9177525864
  356      1.0000105799      0.1633027907      0.4217474790      0.0189821262      0.9183591847
  357      1.0000106097      0.1620985994      0.4222998095      0.0188422603      0.9189613102
  358      1.0000106395      0.1609032877      0.4228484320      0.0187034259      0.9195589958
  359      1.0000106693      0.1597167902      0.4233933682      0.0185656155      0.9201522744
  360      1.0000106991      0.1585390419      0.4239346403      0.0184288215      0.9207411783
  361      1.0000107289      0.1573699783      0.4244722699      0.0182930365      0.9213257399
  362      1.0000107587      0.1562095353      0.4250062789      0.0181582529      0.9219059911
  363      1.0000107885      0.1550576495      0.4255366888      0.0180244635      0.9224819639
  364      1.0000108183      0.1539142576      0.4260635213      0.0178916608      0.9230536896
  365      1.0000108481      0.1527792971      0.4265867978      0.0177598377      0.9236211997
  366      1.0000108779      0.1516527057      0.4271065397      0.0176289868      0.9241845251
  367      1.0000109077      0.1505344219      0.4276227683      0.0174991011      0.9247436969
  368      1.0000109375      0.1494243842      0.4281355048      0.0173701733      0.9252987455
  369      1.0000109673      0.1483225319      0.4286447704      0.0172421965      0.9258497015
  370      1.0000109971      0.1472288046      0.4291505861      0.0171151636      0.9263965949
  371      1.0000110269      0.1461431425      0.4296529729      0.0169890676      0.9269394557
  372      1.0000110567      0.1450654860      0.4301519515      0.0168639017      0.9274783138
  373      1.0000110865      0.1439957762      0.4306475429      0.0167396590      0.9280131985
  374      1.0000111163      0.1429339543      0.4311397677      0.0166163326      0.9285441392
  375      1.0000111461      0.1418799623      0.4316286465      0.0164939159      0.9290711650
  376      1.0000111759      0.1408337425      0.4321141998      0.0163724021      0.9295943048
  377      1.0000112057      0.1397952374      0.4325964480      0.0162517846      0.9301135871
  378      1.0000112355      0.1387643902      0.4330754115      0.0161320567      0.9306290405
  379      1.0000112653      0.1377411445      0.4335511104      0.0160132119      0.9311406931
  380      1.0000112951      0.1367254442      0.4340235650      0.0158952437      0.9316485731
  381      1.0000113249      0.1357172336      0.4344927953      0.0157781456      0.9321527082
  382      1.0000113547      0.1347164576      0.4349588212      0.0156619112      0.9326531260
  383      1.0000113846      0.1337230612      0.4354216626      0.0155465341      0.9331498540
  384      1.0000114144      0.1327369902      0.4358813394      0.0154320081      0.9336429193
  385      1.0000114442      0.1317581904      0.4363378712      0.0153183267      0.9341323490
  386      1.0000114740      0.1307866083      0.4367912776      0.0152054839      0.9346181699
  387      1.0000115038      0.1298221906      0.4372415781      0.0150934734      0.9351004085
  388      1.0000115336      0.1288648844      0.4376887921      0.0149822891      0.9355790914
  389      1.0000115634      0.1279146375      0.4381329390      0.0148719248      0.9360542447
  390      1.0000115932      0.1269713976      0.4385740379      0.0147623746      0.9365258944
  391      1.0000116230      0.1260351132      0.4390121081      0.0146536325      0.9369940664
  392      1.0000116528      0.1251057329      0.4394471686      0.0145456924      0.9374587863
  393      1.0000116826      0.1241832059      0.4398792383      0.0144385485      0.9379200797
  394      1.0000117124      0.1232674815      0.4403083360      0.0143321949      0.9383779717
  395      1.0000117422      0.1223585097      0.4407344807      0.0142266258      0.9388324874
  396      1.0000117720      0.1214562406      0.4411576909      0.0141218353      0.9392836517
  397      1.0000118018      0.1205606248      0.4415779852      0.0140178178      0.9397314894
  398      1.0000118316      0.1196716133      0.4419953821      0.0139145675      0.9401760250
  399      1.0000118614      0.1187891573      0.4424099001      0.0138120789      0.9406172828
  400      1.0000118912      0.1179132086      0.4428215574      0.0137103461      0.9410552869
  401      1.0000119210      0.1170437190      0.4432303722      0.0136093638      0.9414900615
  402      1.0000119508      0.1161806411      0.4436363628      0.0135091264      0.9419216303
  403      1.0000119806      0.1153239275      0.4440395470      0.0134096283      0.9423500169
  404      1.0000120104      0.1144735313      0.4444399429      0.0133108641      0.9427752448
  405      1.0000120402      0.1136294058      0.4448375683      0.0132128284      0.9431973373
  406      1.0000120700      0.1127915050      0.4452324410      0.0131155159      0.9436163175
  407      1.0000120998      0.1119597828      0.4456245786      0.0130189212      0.9440322084
  408      1.0000121296      0.1111341937      0.4460139987      0.0129230390      0.9444450328
  409      1.0000121594      0.1103146925      0.4464007188      0.0128278640      0.9448548132
  410      1.0000121892      0.1095012342      0.4467847563      0.0127333910      0.9452615721
  411      1.0000122190      0.1086937744      0.4471661285      0.0126396150      0.9456653318
  412      1.0000122488      0.1078922688      0.4475448525      0.0125465306      0.9460661144
  413      1.0000122786      0.1070966735      0.4479209456      0.0124541329      0.9464639419
  414      1.0000123084      0.1063069449      0.4482944247      0.0123624167      0.9468588360
  415      1.0000123382      0.1055230397      0.4486653068      0.0122713771      0.9472508184
  416      1.0000123680      0.1047449150      0.4490336087      0.0121810090      0.9476399105
  417      1.0000123978      0.1039725282      0.4493993472      0.0120913075      0.9480261338
  418      1.0000124276      0.1032058369      0.4497625390      0.0120022677      0.9484095092
  419      1.0000124574      0.1024447993      0.4501232005      0.0119138846      0.9487900578
  420      1.0000124873      0.1016893735      0.4504813484      0.0118261536      0.9491678005
  421      1.0000125171      0.1009395182      0.4508369990      0.0117390696      0.9495427580
  422      1.0000125469      0.1001951923      0.4511901686      0.0116526281      0.9499149507
  423      1.0000125767      0.0994563550      0.4515408734      0.0115668242      0.9502843992
  424      1.0000126065      0.0987229659      0.4518891296      0.0114816532      0.9506511235
  425      1.0000126363      0.0979949849      0.4522349532      0.0113971105      0.9510151438
  426      1.0000126661      0.0972723719      0.4525783601      0.0113131914      0.9513764801
  427      1.0000126959      0.0965550875      0.4529193663      0.0112298914      0.9517351521
  428      1.0000127257      0.0958430923      0.4532579874      0.0111472058      0.9520911795
  429      1.0000127555      0.0951363473      0.4535942392      0.0110651302      0.9524445818
  430      1.0000127853      0.0944348139      0.4539281373      0.0109836600      0.9527953783
  431      1.0000128151      0.0937384535      0.4542596972      0.0109027908      0.9531435883
  432      1.0000128449      0.0930472281      0.4545889343      0.0108225182      0.9534892308
  433      1.0000128747      0.0923610998      0.4549158639      0.0107428377      0.9538323248
  434      1.0000129045      0.0916800310      0.4552405013      0.0106637450      0.9541728890
  435      1.0000129343      0.0910039844      0.4555628617      0.0105852357      0.9545109421
  436      1.0000129641      0.0903329229      0.4558829601      0.0105073056      0.9548465026
  437      1.0000129939      0.0896668098      0.4562008116      0.0104299503      0.9551795890
  438      1.0000130237      0.0890056087      0.4565164309      0.0103531657      0.9555102194
  439      1.0000130535      0.0883492832      0.4568298331      0.0102769475      0.9558384119
  440      1.0000130833      0.0876977974      0.4571410327      0.0102012916      0.9561641846
  441      1.0000131131      0.0870511157      0.4574500445      0.0101261937      0.9564875553
  442      1.0000131429      0.0864092026      0.4577568830      0.0100516499      0.9568085416
  443      1.0000131727      0.0857720229      0.4580615626      0.0099776560      0.9571271612
  444      1.0000132025      0.0851395418      0.4583640979      0.0099042079      0.9574434316
  445      1.0000132323      0.0845117246      0.4586645030      0.0098313016      0.9577573700
  446      1.0000132621      0.0838885370      0.4589627923      0.0097589332      0.9580689936
  447      1.0000132919      0.0832699446      0.4592589798      0.0096870986      0.9583783196
  448      1.0000133217      0.0826559138      0.4595530797      0.0096157940      0.9586853648
  449      1.0000133515      0.0820464108      0.4598451059      0.0095450153      0.9589901461
  450      1.0000133813      0.0814414023      0.4601350723      0.0094747589      0.9592926802
  451      1.0000134111      0.0808408551      0.4604229928      0.0094050207      0.9595929836
  452      1.0000134409      0.0802447364      0.4607088810      0.0093357969      0.9598910728
  453      1.0000134707      0.0796530134      0.4609927506      0.0092670839      0.9601869641
  454      1.0000135005      0.0790656537      0.4612746153      0.0091988777      0.9604806737
  455      1.0000135303      0.0784826252      0.4615544884      0.0091311748      0.9607722177
  456      1.0000135601      0.0779038960      0.4618323834      0.0090639712      0.9610616121
  457      1.0000135900      0.0773294343      0.4621083136      0.0089972635      0.9613488728
  458      1.0000136198      0.0767592087      0.4623822924      0.0089310479      0.9616340154
  459      1.0000136496      0.0761931879      0.4626543327      0.0088653208      0.9619170556
  460      1.0000136794      0.0756313409      0.4629244479      0.0088000785      0.9621980089
  461      1.0000137092      0.0750736370      0.4631926507      0.0087353176      0.9624768907
  462      1.0000137390      0.0745200456      0.4634589543      0.0086710345      0.9627537162
  463      1.0000137688      0.0739705363      0.4637233714      0.0086072255      0.9630285006
  464      1.0000137986      0.0734250791      0.4639859148      0.0085438874      0.9633012590
  465      1.0000138284      0.0728836441      0.4642465973      0.0084810165      0.9635720063
  466      1.0000138582      0.0723462017      0.4645054314      0.0084186094      0.9638407573
  467      1.0000138880      0.0718127223      0.4647624297      0.0083566628      0.9641075268
  468      1.0000139178      0.0712831768      0.4650176047      0.0082951731      0.9643723294
  469      1.0000139476      0.0707575361      0.4652709687      0.0082341371      0.9646351795
  470      1.0000139774      0.0702357715      0.4655225341      0.0081735514      0.9648960916
  471      1.0000140072      0.0697178544      0.4657723132      0.0081134127      0.9651550800
  472      1.0000140370      0.0692037564      0.4660203180      0.0080537177      0.9654121588
  473      1.0000140668      0.0686934494      0.4662665607      0.0079944630      0.9656673421
  474      1.0000140966      0.0681869053      0.4665110533      0.0079356456      0.9659206439
  475      1.0000141264      0.0676840965      0.4667538078      0.0078772620      0.9661720781
  476      1.0000141562      0.0671849954      0.4669948360      0.0078193092      0.9664216585
  477      1.0000141860      0.0666895747      0.4672341496      0.0077617840      0.9666693987
  478      1.0000142158      0.0661978071      0.4674717605      0.0077046832      0.9669153122
  479      1.0000142456      0.0657096659      0.4677076803      0.0076480036      0.9671594127
  480      1.0000142754      0.0652251242      0.4679419206      0.0075917423      0.9674017133
