# time   trace   domains   purity   coherence  equireached
    1      1.0000000000      6.5454545455      0.0010822511      0.0000000000      0.0000000000
    2      1.0000000298      6.0000001788      0.0004673357      0.5454545915      0.0000000000
    3      1.0000000596      5.5454548760      0.0004194426      0.6206007772      0.0000000000
    4      1.0000000894      5.1633001249      0.0004498941      0.6541020152      0.0000000000
    5      1.0000001192      4.8391034108      0.0005161643      0.5885223639      0.0000000000
    6      1.0000001490      4.5616370083      0.0006087297      0.5949480875      0.0000000000
    7      1.0000001788      4.3221440905      0.0007239905      0.5627351273      0.0000676407
    8      1.0000002086      4.1137602555      0.0008596666      0.5489341146      0.0002670165
    9      1.0000002384      3.9310695516      0.0010136120      0.5317071058      0.0006513538
   10      1.0000002682      3.7697678703      0.0011835126      0.5197673900      0.0012557280
   11      1.0000002980      3.6264088152      0.0013669237      0.5073848078      0.0021001142
   12      1.0000003278      3.4982117459      0.0015614282      0.4972101126      0.0031921300
   13      1.0000003576      3.3829163112      0.0017648013      0.4875153137      0.0045305650
   14      1.0000003874      3.2786716639      0.0019751298      0.4790722304      0.0061080538
   15      1.0000004172      3.1839515864      0.0021908758      0.4717504237      0.0079132734
   16      1.0000004470      3.0974890433      0.0024108921      0.4651339643      0.0099325156
   17      1.0000004768      3.0182253726      0.0026344028      0.4588931839      0.0121508386
   18      1.0000005066      2.9452705716      0.0028609628      0.4530900538      0.0145528602
   19      1.0000005364      2.8778720431      0.0030904084      0.4475619242      0.0171233005
   20      1.0000005662      2.8153898359      0.0033228040      0.4425033898      0.0198473366
   21      1.0000005960      2.7572769018      0.0035583916      0.4373874583      0.0227108247
   22      1.0000006258      2.7030632549      0.0037975461      0.4322514190      0.0257004292
   23      1.0000006557      2.6523431824      0.0040407352      0.4270684915      0.0288036861
   24      1.0000006855      2.6047648610      0.0042884869      0.4218559233      0.0320090220
   25      1.0000007153      2.5600218769      0.0045413630      0.4166864090      0.0353057436
   26      1.0000007451      2.5178462644      0.0047999372      0.4115732505      0.0386840077
   27      1.0000007749      2.4780027606      0.0050647790      0.4065445376      0.0421347798
   28      1.0000008047      2.4402840405      0.0053364410      0.4016170630      0.0456497857
   29      1.0000008345      2.4045067464      0.0056154501      0.3967148930      0.0492214600
   30      1.0000008643      2.3705081637      0.0059023007      0.3918880153      0.0528428937
   31      1.0000008941      2.3381434260      0.0061974508      0.3871358600      0.0565077835
   32      1.0000009239      2.3072831550      0.0065013191      0.3824028465      0.0602103820
   33      1.0000009537      2.2778114593      0.0068142844      0.3776857290      0.0639454515
   34      1.0000009835      2.2496242323      0.0071366851      0.3730061978      0.0677082198
   35      1.0000010133      2.2226276963      0.0074688196      0.3683677417      0.0714943400
   36      1.0000010431      2.1967371562      0.0078109482      0.3637861518      0.0752998526
   37      1.0000010729      2.1718759262      0.0081632936      0.3592729237      0.0791211510
   38      1.0000011027      2.1479744034      0.0085260439      0.3548020163      0.0829549501
   39      1.0000011325      2.1249692666      0.0088993536      0.3503775487      0.0867982575
   40      1.0000011623      2.1028027792      0.0092833462      0.3460126759      0.0906483468
   41      1.0000011921      2.0814221830      0.0096781163      0.3417061598      0.0945027342
   42      1.0000012219      2.0607791681      0.0100837314      0.3374740051      0.0983591563
   43      1.0000012517      2.0408294090      0.0105002344      0.3333305053      0.1022155510
   44      1.0000012815      2.0215321571      0.0109276451      0.3292669525      0.1060700391
   45      1.0000013113      2.0028498815      0.0113659625      0.3252856496      0.1099209082
   46      1.0000013411      1.9847479532      0.0118151662      0.3213908726      0.1137665986
   47      1.0000013709      1.9671943641      0.0122752188      0.3175861852      0.1176056892
   48      1.0000014007      1.9501594796      0.0127460665      0.3138744447      0.1214368861
   49      1.0000014305      1.9336158175      0.0132276416      0.3102598789      0.1252590114
   50      1.0000014603      1.9175378518      0.0137198634      0.3067402895      0.1290709933
   51      1.0000014901      1.9019018375      0.0142226395      0.3033167250      0.1328718573
   52      1.0000015199      1.8866856542      0.0147358672      0.2999893142      0.1366607181
   53      1.0000015497      1.8718686655      0.0152594346      0.2967600425      0.1404367719
   54      1.0000015795      1.8574315934      0.0157932216      0.2936245347      0.1441992899
   55      1.0000016093      1.8433564051      0.0163371008      0.2905818027      0.1479476125
   56      1.0000016391      1.8296262113      0.0168909386      0.2876306083      0.1516811429
   57      1.0000016689      1.8162251740      0.0174545959      0.2847696202      0.1553993430
   58      1.0000016987      1.8031384239      0.0180279289      0.2819977779      0.1591017283
   59      1.0000017285      1.7903519851      0.0186107896      0.2793146542      0.1627878635
   60      1.0000017583      1.7778527068      0.0192030268      0.2767158302      0.1664573591
   61      1.0000017881      1.7656282019      0.0198044866      0.2741986294      0.1701098677
   62      1.0000018179      1.7536667906      0.0204150126      0.2717608636      0.1737450805
   63      1.0000018477      1.7419574489      0.0210344469      0.2694004990      0.1773627249
   64      1.0000018775      1.7304897626      0.0216626302      0.2671148808      0.1809625613
   65      1.0000019074      1.7192538841      0.0222994022      0.2649028967      0.1845443808
   66      1.0000019372      1.7082404937      0.0229446024      0.2627611333      0.1881080028
   67      1.0000019670      1.6974407637      0.0235980699      0.2606867264      0.1916532733
   68      1.0000019968      1.6868463261      0.0242596441      0.2586773624      0.1951800622
   69      1.0000020266      1.6764492419      0.0249291648      0.2567306133      0.1986882621
   70      1.0000020564      1.6662419739      0.0256064725      0.2548442572      0.2021777867
   71      1.0000020862      1.6562173612      0.0262914086      0.2530158786      0.2056485686
   72      1.0000021160      1.6463685955      0.0269838157      0.2512432443      0.2091005585
   73      1.0000021458      1.6366891998      0.0276835378      0.2495241522      0.2125337237
   74      1.0000021756      1.6271730080      0.0283904201      0.2478563869      0.2159480469
   75      1.0000022054      1.6178141467      0.0291043097      0.2462378212      0.2193435247
   76      1.0000022352      1.6086070180      0.0298250555      0.2446663843      0.2227201672
   77      1.0000022650      1.5995462831      0.0305525082      0.2431400721      0.2260779965
   78      1.0000022948      1.5906268484      0.0312865204      0.2416569378      0.2294170459
   79      1.0000023246      1.5818438509      0.0320269469      0.2402150920      0.2327373591
   80      1.0000023544      1.5731926460      0.0327736447      0.2388126989      0.2360389894
   81      1.0000023842      1.5646687952      0.0335264727      0.2374480646      0.2393219988
   82      1.0000024140      1.5562680554      0.0342852925      0.2361195222      0.2425864576
   83      1.0000024438      1.5479863681      0.0350499678      0.2348252810      0.2458324435
   84      1.0000024736      1.5398198500      0.0358203644      0.2335637562      0.2490600411
   85      1.0000025034      1.5317647838      0.0365963510      0.2323334236      0.2522693411
   86      1.0000025332      1.5238176096      0.0373777981      0.2311328159      0.2554604402
   87      1.0000025630      1.5159749172      0.0381645791      0.2299605243      0.2586334403
   88      1.0000025928      1.5082334386      0.0389565694      0.2288151981      0.2617884478
   89      1.0000026226      1.5005900406      0.0397536471      0.2276955387      0.2649255739
   90      1.0000026524      1.4930417188      0.0405556925      0.2266003036      0.2680449333
   91      1.0000026822      1.4855855908      0.0413625883      0.2255283027      0.2711466444
   92      1.0000027120      1.4782188908      0.0421742196      0.2244783980      0.2742308290
   93      1.0000027418      1.4709389639      0.0429904739      0.2234494984      0.2772976113
   94      1.0000027716      1.4637432609      0.0438112410      0.2224405607      0.2803471183
   95      1.0000028014      1.4566293335      0.0446364128      0.2214505903      0.2833794793
   96      1.0000028312      1.4495948296      0.0454658837      0.2204786378      0.2863948251
   97      1.0000028610      1.4426374888      0.0462995503      0.2195237977      0.2893932888
   98      1.0000028908      1.4357551387      0.0471373114      0.2185852060      0.2923750043
   99      1.0000029206      1.4289456903      0.0479790678      0.2176620397      0.2953401071
  100      1.0000029504      1.4222071350      0.0488247226      0.2167535151      0.2982887336
  101      1.0000029802      1.4155375404      0.0496741809      0.2158588861      0.3012210210
  102      1.0000030100      1.4089350477      0.0505273500      0.2149774429      0.3041371069
  103      1.0000030398      1.4023978677      0.0513841391      0.2141085109      0.3070371295
  104      1.0000030696      1.3959242787      0.0522444594      0.2132514480      0.3099212274
  105      1.0000030994      1.3895126227      0.0531082239      0.2124056449      0.3127895388
  106      1.0000031292      1.3831613036      0.0539753477      0.2115705226      0.3156422025
  107      1.0000031591      1.3768687838      0.0548457476      0.2107455318      0.3184793565
  108      1.0000031889      1.3706335823      0.0557193423      0.2099301516      0.3213011391
  109      1.0000032187      1.3644542721      0.0565960521      0.2091238880      0.3241076877
  110      1.0000032485      1.3583294782      0.0574757993      0.2083262728      0.3268991394
  111      1.0000032783      1.3522578750      0.0583585076      0.2075368624      0.3296756308
  112      1.0000033081      1.3462381849      0.0592441024      0.2067552372      0.3324372975
  113      1.0000033379      1.3402691758      0.0601325108      0.2059809998      0.3351842745
  114      1.0000033677      1.3343496596      0.0610236614      0.2052137744      0.3379166960
  115      1.0000033975      1.3284784904      0.0619174842      0.2044532059      0.3406346951
  116      1.0000034273      1.3226545627      0.0628139108      0.2036989586      0.3433384040
  117      1.0000034571      1.3168768097      0.0637128742      0.2029507155      0.3460279538
  118      1.0000034869      1.3111442022      0.0646143087      0.2022081774      0.3487034744
  119      1.0000035167      1.3054557467      0.0655181501      0.2014710623      0.3513650948
  120      1.0000035465      1.2998104839      0.0664243355      0.2007391038      0.3540129425
  121      1.0000035763      1.2942074880      0.0673328031      0.2000120513      0.3566471439
  122      1.0000036061      1.2886458648      0.0682434925      0.1992896687      0.3592678242
  123      1.0000036359      1.2831247507      0.0691563444      0.1985717336      0.3618751070
  124      1.0000036657      1.2776433114      0.0700713008      0.1978580370      0.3644691149
  125      1.0000036955      1.2722007409      0.0709883048      0.1971483824      0.3670499688
  126      1.0000037253      1.2667962605      0.0719073004      0.1964425852      0.3696177886
  127      1.0000037551      1.2614291175      0.0728282331      0.1957404720      0.3721726924
  128      1.0000037849      1.2560985845      0.0737510489      0.1950418803      0.3747147972
  129      1.0000038147      1.2508039581      0.0746756953      0.1943466576      0.3772442184
  130      1.0000038445      1.2455445583      0.0756021204      0.1936546611      0.3797610699
  131      1.0000038743      1.2403197275      0.0765302735      0.1929657600      0.3822654642
  132      1.0000039041      1.2351288297      0.0774601047      0.1922798290      0.3847575125
  133      1.0000039339      1.2299712495      0.0783915650      0.1915967488      0.3872373244
  134      1.0000039637      1.2248463916      0.0793246063      0.1909164105      0.3897050081
  135      1.0000039935      1.2197536800      0.0802591814      0.1902387124      0.3921606701
  136      1.0000040233      1.2146925571      0.0811952437      0.1895635596      0.3946044159
  137      1.0000040531      1.2096624831      0.0821327477      0.1888908641      0.3970363490
  138      1.0000040829      1.2046629356      0.0830716484      0.1882205438      0.3994565720
  139      1.0000041127      1.1996934085      0.0840119017      0.1875525227      0.4018651856
  140      1.0000041425      1.1947534119      0.0849534641      0.1868867300      0.4042622894
  141      1.0000041723      1.1898424709      0.0858962930      0.1862231004      0.4066479813
  142      1.0000042021      1.1849601258      0.0868403462      0.1855615735      0.4090223580
  143      1.0000042319      1.1801059309      0.0877855824      0.1849020934      0.4113855146
  144      1.0000042617      1.1752794542      0.0887319609      0.1842446086      0.4137375451
  145      1.0000042915      1.1704802771      0.0896794416      0.1835890718      0.4160785418
  146      1.0000043213      1.1657079938      0.0906279849      0.1829354394      0.4184085957
  147      1.0000043511      1.1609622106      0.0915775519      0.1822836715      0.4207277967
  148      1.0000043810      1.1562425458      0.0925281043      0.1816337317      0.4230362331
  149      1.0000044108      1.1515486290      0.0934796043      0.1809855868      0.4253339918
  150      1.0000044406      1.1468801011      0.0944320146      0.1803392064      0.4276211588
  151      1.0000044704      1.1422366133      0.0953852986      0.1796945631      0.4298978183
  152      1.0000045002      1.1376178272      0.0963394200      0.1790516322      0.4321640537
  153      1.0000045300      1.1330234143      0.0972943431      0.1784103914      0.4344199468
  154      1.0000045598      1.1284530556      0.0982500327      0.1777708205      0.4366655782
  155      1.0000045896      1.1239064413      0.0992064541      0.1771329017      0.4389010275
  156      1.0000046194      1.1193832706      0.1001635729      0.1764966193      0.4411263728
  157      1.0000046492      1.1148832509      0.1011213553      0.1758619593      0.4433416913
  158      1.0000046790      1.1104060983      0.1020797680      0.1752289094      0.4455470589
  159      1.0000047088      1.1059515365      0.1030387779      0.1745974591      0.4477425502
  160      1.0000047386      1.1015192971      0.1039983525      0.1739675993      0.4499282389
  161      1.0000047684      1.0971091191      0.1049584597      0.1733393225      0.4521041974
  162      1.0000047982      1.0927207485      0.1059190676      0.1727126221      0.4542704972
  163      1.0000048280      1.0883539384      0.1068801450      0.1720874932      0.4564272085
  164      1.0000048578      1.0840084484      0.1078416609      0.1714639316      0.4585744007
  165      1.0000048876      1.0796840448      0.1088035846      0.1708419344      0.4607121418
  166      1.0000049174      1.0753804998      0.1097658858      0.1702214996      0.4628404992
  167      1.0000049472      1.0710975917      0.1107285348      0.1696026259      0.4649595390
  168      1.0000049770      1.0668351047      0.1116915019      0.1689853129      0.4670693263
  169      1.0000050068      1.0625928286      0.1126547580      0.1683695611      0.4691699255
  170      1.0000050366      1.0583705584      0.1136182742      0.1677553714      0.4712613997
  171      1.0000050664      1.0541680945      0.1145820219      0.1671427454      0.4733438113
  172      1.0000050962      1.0499852423      0.1155459729      0.1665316852      0.4754172218
  173      1.0000051260      1.0458218120      0.1165100993      0.1659221937      0.4774816915
  174      1.0000051558      1.0416776186      0.1174743735      0.1653142737      0.4795372803
  175      1.0000051856      1.0375524816      0.1184387682      0.1647079289      0.4815840468
  176      1.0000052154      1.0334462249      0.1194032564      0.1641031630      0.4836220489
  177      1.0000052452      1.0293586765      0.1203678113      0.1634999803      0.4856513438
  178      1.0000052750      1.0252896687      0.1213324067      0.1628983850      0.4876719877
  179      1.0000053048      1.0212390377      0.1222970164      0.1622983820      0.4896840361
  180      1.0000053346      1.0172066235      0.1232616144      0.1616999761      0.4916875436
  181      1.0000053644      1.0131922698      0.1242261752      0.1611031722      0.4936825643
  182      1.0000053942      1.0091958240      0.1251906735      0.1605079755      0.4956691511
  183      1.0000054240      1.0052171366      0.1261550843      0.1599143914      0.4976473566
  184      1.0000054538      1.0012560619      0.1271193828      0.1593224252      0.4996172325
  185      1.0000054836      0.9973124571      0.1280835444      0.1587320823      0.5015788298
  186      1.0000055134      0.9933861827      0.1290475449      0.1581433682      0.5035321987
  187      1.0000055432      0.9894771021      0.1300113603      0.1575562884      0.5054773889
  188      1.0000055730      0.9855850818      0.1309749668      0.1569708483      0.5074144493
  189      1.0000056029      0.9817099910      0.1319383409      0.1563870534      0.5093434282
  190      1.0000056327      0.9778517016      0.1329014593      0.1558049093      0.5112643733
  191      1.0000056625      0.9740100882      0.1338642990      0.1552244211      0.5131773316
  192      1.0000056923      0.9701850281      0.1348268372      0.1546455944      0.5150823496
  193      1.0000057221      0.9663764008      0.1357890513      0.1540684343      0.5169794731
  194      1.0000057519      0.9625840884      0.1367509190      0.1534929459      0.5188687472
  195      1.0000057817      0.9588079752      0.1377124182      0.1529191345      0.5207502167
  196      1.0000058115      0.9550479479      0.1386735269      0.1523470048      0.5226239257
  197      1.0000058413      0.9513038953      0.1396342236      0.1517765618      0.5244899177
  198      1.0000058711      0.9475757083      0.1405944869      0.1512078101      0.5263482357
  199      1.0000059009      0.9438632798      0.1415542955      0.1506407544      0.5281989222
  200      1.0000059307      0.9401665048      0.1425136283      0.1500753992      0.5300420193
  201      1.0000059605      0.9364852800      0.1434724648      0.1495117486      0.5318775682
  202      1.0000059903      0.9328195042      0.1444307842      0.1489498069      0.5337056100
  203      1.0000060201      0.9291690778      0.1453885663      0.1483895780      0.5355261852
  204      1.0000060499      0.9255339031      0.1463457909      0.1478310659      0.5373393338
  205      1.0000060797      0.9219138839      0.1473024381      0.1472742741      0.5391450953
  206      1.0000061095      0.9183089259      0.1482584882      0.1467192063      0.5409435089
  207      1.0000061393      0.9147189362      0.1492139216      0.1461658658      0.5427346131
  208      1.0000061691      0.9111438234      0.1501687191      0.1456142557      0.5445184461
  209      1.0000061989      0.9075834976      0.1511228615      0.1450643791      0.5462950458
  210      1.0000062287      0.9040378706      0.1520763299      0.1445162389      0.5480644494
  211      1.0000062585      0.9005068553      0.1530291057      0.1439698376      0.5498266940
  212      1.0000062883      0.8969903660      0.1539811702      0.1434251780      0.5515818162
  213      1.0000063181      0.8934883185      0.1549325053      0.1428822621      0.5533298519
  214      1.0000063479      0.8900006297      0.1558830928      0.1423410923      0.5550708372
  215      1.0000063777      0.8865272178      0.1568329147      0.1418016706      0.5568048072
  216      1.0000064075      0.8830680022      0.1577819534      0.1412639986      0.5585317972
  217      1.0000064373      0.8796229035      0.1587301912      0.1407280782      0.5602518417
  218      1.0000064671      0.8761918434      0.1596776109      0.1401939108      0.5619649750
  219      1.0000064969      0.8727747447      0.1606241953      0.1396614977      0.5636712312
  220      1.0000065267      0.8693715314      0.1615699274      0.1391308400      0.5653706439
  221      1.0000065565      0.8659821283      0.1625147904      0.1386019388      0.5670632464
  222      1.0000065863      0.8626064614      0.1634587678      0.1380747948      0.5687490716
  223      1.0000066161      0.8592444576      0.1644018430      0.1375494088      0.5704281523
  224      1.0000066459      0.8558960447      0.1653439999      0.1370257812      0.5721005207
  225      1.0000066757      0.8525611516      0.1662852224      0.1365039124      0.5737662090
  226      1.0000067055      0.8492397081      0.1672254947      0.1359838025      0.5754252488
  227      1.0000067353      0.8459316445      0.1681648010      0.1354654517      0.5770776717
  228      1.0000067651      0.8426368925      0.1691031258      0.1349488598      0.5787235088
  229      1.0000067950      0.8393553842      0.1700404538      0.1344340265      0.5803627909
  230      1.0000068248      0.8360870527      0.1709767698      0.1339209514      0.5819955487
  231      1.0000068546      0.8328318319      0.1719120588      0.1334096341      0.5836218126
  232      1.0000068844      0.8295896564      0.1728463061      0.1329000738      0.5852416125
  233      1.0000069142      0.8263604615      0.1737794969      0.1323922696      0.5868549783
  234      1.0000069440      0.8231441834      0.1747116168      0.1318862207      0.5884619396
  235      1.0000069738      0.8199407589      0.1756426515      0.1313819260      0.5900625257
  236      1.0000070036      0.8167501253      0.1765725869      0.1308793841      0.5916567656
  237      1.0000070334      0.8135722209      0.1775014090      0.1303785938      0.5932446882
  238      1.0000070632      0.8104069844      0.1784291040      0.1298795536      0.5948263220
  239      1.0000070930      0.8072543554      0.1793556583      0.1293822619      0.5964016953
  240      1.0000071228      0.8041142738      0.1802810584      0.1288867170      0.5979708364
  241      1.0000071526      0.8009866803      0.1812052910      0.1283929170      0.5995337731
  242      1.0000071824      0.7978715161      0.1821283429      0.1279008601      0.6010905331
  243      1.0000072122      0.7947687231      0.1830502013      0.1274105441      0.6026411439
  244      1.0000072420      0.7916782437      0.1839708533      0.1269219670      0.6041856327
  245      1.0000072718      0.7886000208      0.1848902863      0.1264351263      0.6057240266
  246      1.0000073016      0.7855339978      0.1858084876      0.1259500198      0.6072563524
  247      1.0000073314      0.7824801187      0.1867254451      0.1254666451      0.6087826368
  248      1.0000073612      0.7794383281      0.1876411466      0.1249849994      0.6103029062
  249      1.0000073910      0.7764085709      0.1885555799      0.1245050802      0.6118171868
  250      1.0000074208      0.7733907926      0.1894687333      0.1240268847      0.6133255048
  251      1.0000074506      0.7703849391      0.1903805951      0.1235504101      0.6148278861
  252      1.0000074804      0.7673909568      0.1912911536      0.1230756534      0.6163243563
  253      1.0000075102      0.7644087927      0.1922003976      0.1226026116      0.6178149409
  254      1.0000075400      0.7614383941      0.1931083156      0.1221312816      0.6192996653
  255      1.0000075698      0.7584797086      0.1940148967      0.1216616602      0.6207785546
  256      1.0000075996      0.7555326844      0.1949201298      0.1211937443      0.6222516339
  257      1.0000076294      0.7525972702      0.1958240042      0.1207275303      0.6237189280
  258      1.0000076592      0.7496734148      0.1967265092      0.1202630149      0.6251804615
  259      1.0000076890      0.7467610678      0.1976276343      0.1198001948      0.6266362590
  260      1.0000077188      0.7438601789      0.1985273692      0.1193390662      0.6280863447
  261      1.0000077486      0.7409706982      0.1994257035      0.1188796255      0.6295307429
  262      1.0000077784      0.7380925763      0.2003226273      0.1184218692      0.6309694776
  263      1.0000078082      0.7352257640      0.2012181306      0.1179657934      0.6324025727
  264      1.0000078380      0.7323702127      0.2021122035      0.1175113944      0.6338300518
  265      1.0000078678      0.7295258738      0.2030048365      0.1170586683      0.6352519386
  266      1.0000078976      0.7266926995      0.2038960201      0.1166076112      0.6366682565
  267      1.0000079274      0.7238706419      0.2047857448      0.1161582190      0.6380790288
  268      1.0000079573      0.7210596537      0.2056740014      0.1157104879      0.6394842786
  269      1.0000079871      0.7182596879      0.2065607808      0.1152644136      0.6408840289
  270      1.0000080169      0.7154706977      0.2074460741      0.1148199922      0.6422783027
  271      1.0000080467      0.7126926366      0.2083298724      0.1143772193      0.6436671225
  272      1.0000080765      0.7099254587      0.2092121670      0.1139360908      0.6450505111
  273      1.0000081063      0.7071691180      0.2100929494      0.1134966025      0.6464284909
  274      1.0000081361      0.7044235691      0.2109722111      0.1130587499      0.6478010841
  275      1.0000081659      0.7016887667      0.2118499438      0.1126225289      0.6491683132
  276      1.0000081957      0.6989646659      0.2127261394      0.1121879350      0.6505302000
  277      1.0000082255      0.6962512221      0.2136007898      0.1117549637      0.6518867666
  278      1.0000082553      0.6935483908      0.2144738871      0.1113236107      0.6532380348
  279      1.0000082851      0.6908561281      0.2153454235      0.1108938714      0.6545840264
  280      1.0000083149      0.6881743900      0.2162153913      0.1104657413      0.6559247628
  281      1.0000083447      0.6855031330      0.2170837831      0.1100392159      0.6572602656
  282      1.0000083745      0.6828423138      0.2179505913      0.1096142906      0.6585905562
  283      1.0000084043      0.6801918893      0.2188158087      0.1091909608      0.6599156558
  284      1.0000084341      0.6775518168      0.2196794282      0.1087692217      0.6612355854
  285      1.0000084639      0.6749220536      0.2205414426      0.1083490689      0.6625503662
  286      1.0000084937      0.6723025576      0.2214018451      0.1079304975      0.6638600191
  287      1.0000085235      0.6696932865      0.2222606289      0.1075135029      0.6651645647
  288      1.0000085533      0.6670941987      0.2231177872      0.1070980803      0.6664640239
  289      1.0000085831      0.6645052524      0.2239733135      0.1066842250      0.6677584171
  290      1.0000086129      0.6619264064      0.2248272013      0.1062719323      0.6690477649
  291      1.0000086427      0.6593576195      0.2256794444      0.1058611972      0.6703320877
  292      1.0000086725      0.6567988507      0.2265300364      0.1054520150      0.6716114056
  293      1.0000087023      0.6542500595      0.2273789713      0.1050443808      0.6728857389
  294      1.0000087321      0.6517112053      0.2282262430      0.1046382899      0.6741551076
  295      1.0000087619      0.6491822479      0.2290718457      0.1042337374      0.6754195317
  296      1.0000087917      0.6466631472      0.2299157736      0.1038307183      0.6766790310
  297      1.0000088215      0.6441538635      0.2307580211      0.1034292278      0.6779336254
  298      1.0000088513      0.6416543570      0.2315985825      0.1030292611      0.6791833343
  299      1.0000088811      0.6391645883      0.2324374524      0.1026308131      0.6804281776
  300      1.0000089109      0.6366845183      0.2332746256      0.1022338790      0.6816681745
  301      1.0000089407      0.6342141080      0.2341100966      0.1018384539      0.6829033445
  302      1.0000089705      0.6317533184      0.2349438605      0.1014445328      0.6841337068
  303      1.0000090003      0.6293021110      0.2357759122      0.1010521107      0.6853592808
  304      1.0000090301      0.6268604474      0.2366062468      0.1006611828      0.6865800854
  305      1.0000090599      0.6244282893      0.2374348594      0.1002717440      0.6877961397
  306      1.0000090897      0.6220055986      0.2382617454      0.0998837895      0.6890074626
  307      1.0000091196      0.6195923375      0.2390869001      0.0994973142      0.6902140729
  308      1.0000091494      0.6171884684      0.2399103189      0.0991123131      0.6914159894
  309      1.0000091792      0.6147939536      0.2407319976      0.0987287813      0.6926132307
  310      1.0000092090      0.6124087560      0.2415519317      0.0983467139      0.6938058154
  311      1.0000092388      0.6100328383      0.2423701171      0.0979661057      0.6949937621
  312      1.0000092686      0.6076661636      0.2431865496      0.0975869520      0.6961770890
  313      1.0000092984      0.6053086951      0.2440012252      0.0972092476      0.6973558146
  314      1.0000093282      0.6029603962      0.2448141400      0.0968329876      0.6985299569
  315      1.0000093580      0.6006212305      0.2456252900      0.0964581670      0.6996995343
  316      1.0000093878      0.5982911616      0.2464346717      0.0960847808      0.7008645648
  317      1.0000094176      0.5959701536      0.2472422812      0.0957128241      0.7020250663
  318      1.0000094474      0.5936581703      0.2480481151      0.0953422919      0.7031810567
  319      1.0000094772      0.5913551762      0.2488521699      0.0949731792      0.7043325539
  320      1.0000095070      0.5890611356      0.2496544421      0.0946054810      0.7054795757
  321      1.0000095368      0.5867760130      0.2504549286      0.0942391924      0.7066221396
  322      1.0000095666      0.5844997731      0.2512536261      0.0938743084      0.7077602634
  323      1.0000095964      0.5822323809      0.2520505314      0.0935108241      0.7088939644
  324      1.0000096262      0.5799738013      0.2528456416      0.0931487344      0.7100232601
  325      1.0000096560      0.5777239996      0.2536389536      0.0927880344      0.7111481680
  326      1.0000096858      0.5754829411      0.2544304647      0.0924287193      0.7122687052
  327      1.0000097156      0.5732505913      0.2552201721      0.0920707840      0.7133848890
  328      1.0000097454      0.5710269159      0.2560080730      0.0917142236      0.7144967365
  329      1.0000097752      0.5688118807      0.2567941648      0.0913590333      0.7156042647
  330      1.0000098050      0.5666054516      0.2575784451      0.0910052080      0.7167074907
  331      1.0000098348      0.5644075947      0.2583609113      0.0906527441      0.7178064314
  332      1.0000098646      0.5622182763      0.2591415612      0.0903016354      0.7189011036
  333      1.0000098944      0.5600374629      0.2599203923      0.0899518770      0.7199915240
  334      1.0000099242      0.5578651209      0.2606974025      0.0896034641      0.7210777094
  335      1.0000099540      0.5557012170      0.2614725896      0.0892563918      0.7221596764
  336      1.0000099838      0.5535457181      0.2622459517      0.0889106552      0.7232374415
  337      1.0000100136      0.5513985912      0.2630174867      0.0885662495      0.7243110212
  338      1.0000100434      0.5492598034      0.2637871927      0.0882231697      0.7253804320
  339      1.0000100732      0.5471293220      0.2645550678      0.0878814112      0.7264456902
  340      1.0000101030      0.5450071143      0.2653211104      0.0875409689      0.7275068119
  341      1.0000101328      0.5428931479      0.2660853187      0.0872018382      0.7285638136
  342      1.0000101626      0.5407873905      0.2668476911      0.0868640141      0.7296167112
  343      1.0000101924      0.5386898099      0.2676082261      0.0865274919      0.7306655209
  344      1.0000102222      0.5366003740      0.2683669222      0.0861922668      0.7317102587
  345      1.0000102521      0.5345190510      0.2691237781      0.0858583340      0.7327509405
  346      1.0000102819      0.5324458091      0.2698787923      0.0855256888      0.7337875821
  347      1.0000103117      0.5303806166      0.2706319636      0.0851943263      0.7348201994
  348      1.0000103415      0.5283234420      0.2713832909      0.0848642419      0.7358488082
  349      1.0000103713      0.5262742539      0.2721327730      0.0845354307      0.7368734240
  350      1.0000104011      0.5242330212      0.2728804088      0.0842078882      0.7378940625
  351      1.0000104309      0.5221997126      0.2736261974      0.0838816094      0.7389107392
  352      1.0000104607      0.5201742972      0.2743701378      0.0835565899      0.7399234697
  353      1.0000104905      0.5181567441      0.2751122291      0.0832328248      0.7409322693
  354      1.0000105203      0.5161470226      0.2758524707      0.0829103094      0.7419371534
  355      1.0000105501      0.5141451021      0.2765908616      0.0825890392      0.7429381373
  356      1.0000105799      0.5121509521      0.2773274013      0.0822690095      0.7439352362
  357      1.0000106097      0.5101645423      0.2780620892      0.0819502156      0.7449284653
  358      1.0000106395      0.5081858424      0.2787949247      0.0816326529      0.7459178396
  359      1.0000106693      0.5062148223      0.2795259073      0.0813163168      0.7469033743
  360      1.0000106991      0.5042514521      0.2802550365      0.0810012027      0.7478850843
  361      1.0000107289      0.5022957018      0.2809823121      0.0806873060      0.7488629844
  362      1.0000107587      0.5003475419      0.2817077337      0.0803746221      0.7498370897
  363      1.0000107885      0.4984069425      0.2824313010      0.0800631464      0.7508074148
  364      1.0000108183      0.4964738743      0.2831530139      0.0797528745      0.7517739746
  365      1.0000108481      0.4945483078      0.2838728722      0.0794438018      0.7527367836
  366      1.0000108779      0.4926302139      0.2845908759      0.0791359237      0.7536958565
  367      1.0000109077      0.4907195634      0.2853070248      0.0788292358      0.7546512080
  368      1.0000109375      0.4888163272      0.2860213191      0.0785237335      0.7556028524
  369      1.0000109673      0.4869204765      0.2867337588      0.0782194124      0.7565508042
  370      1.0000109971      0.4850319824      0.2874443441      0.0779162681      0.7574950778
  371      1.0000110269      0.4831508164      0.2881530751      0.0776142959      0.7584356876
  372      1.0000110567      0.4812769498      0.2888599521      0.0773134916      0.7593726477
  373      1.0000110865      0.4794103542      0.2895649754      0.0770138507      0.7603059725
  374      1.0000111163      0.4775510013      0.2902681454      0.0767153688      0.7612356760
  375      1.0000111461      0.4756988630      0.2909694623      0.0764180414      0.7621617725
  376      1.0000111759      0.4738539110      0.2916689268      0.0761218643      0.7630842758
  377      1.0000112057      0.4720161174      0.2923665392      0.0758268330      0.7640032000
  378      1.0000112355      0.4701854544      0.2930623001      0.0755329432      0.7649185591
  379      1.0000112653      0.4683618942      0.2937562102      0.0752401905      0.7658303668
  380      1.0000112951      0.4665454091      0.2944482700      0.0749485706      0.7667386371
  381      1.0000113249      0.4647359716      0.2951384803      0.0746580792      0.7676433837
  382      1.0000113547      0.4629335542      0.2958268417      0.0743687120      0.7685446202
  383      1.0000113846      0.4611381297      0.2965133551      0.0740804647      0.7694423605
  384      1.0000114144      0.4593496709      0.2971980213      0.0737933331      0.7703366179
  385      1.0000114442      0.4575681506      0.2978808412      0.0735073129      0.7712274062
  386      1.0000114740      0.4557935419      0.2985618156      0.0732223998      0.7721147388
  387      1.0000115038      0.4540258178      0.2992409456      0.0729385896      0.7729986291
  388      1.0000115336      0.4522649517      0.2999182322      0.0726558781      0.7738790905
  389      1.0000115634      0.4505109167      0.3005936763      0.0723742612      0.7747561364
  390      1.0000115932      0.4487636864      0.3012672792      0.0720937346      0.7756297800
  391      1.0000116230      0.4470232343      0.3019390419      0.0718142941      0.7765000346
  392      1.0000116528      0.4452895341      0.3026089656      0.0715359356      0.7773669133
  393      1.0000116826      0.4435625594      0.3032770515      0.0712586550      0.7782304292
  394      1.0000117124      0.4418422842      0.3039433009      0.0709824482      0.7790905955
  395      1.0000117422      0.4401286823      0.3046077151      0.0707073109      0.7799474252
  396      1.0000117720      0.4384217279      0.3052702954      0.0704332392      0.7808009311
  397      1.0000118018      0.4367213952      0.3059310433      0.0701602290      0.7816511263
  398      1.0000118316      0.4350276583      0.3065899600      0.0698882760      0.7824980236
  399      1.0000118614      0.4333404917      0.3072470470      0.0696173765      0.7833416359
  400      1.0000118912      0.4316598697      0.3079023060      0.0693475262      0.7841819758
  401      1.0000119210      0.4299857671      0.3085557383      0.0690787211      0.7850190560
  402      1.0000119508      0.4283181584      0.3092073456      0.0688109573      0.7858528894
  403      1.0000119806      0.4266570185      0.3098571294      0.0685442307      0.7866834884
  404      1.0000120104      0.4250023221      0.3105050914      0.0682785374      0.7875108657
  405      1.0000120402      0.4233540442      0.3111512332      0.0680138734      0.7883350337
  406      1.0000120700      0.4217121600      0.3117955566      0.0677502347      0.7891560050
  407      1.0000120998      0.4200766446      0.3124380634      0.0674876174      0.7899737918
  408      1.0000121296      0.4184474732      0.3130787552      0.0672260175      0.7907884067
  409      1.0000121594      0.4168246212      0.3137176339      0.0669654312      0.7915998620
  410      1.0000121892      0.4152080640      0.3143547013      0.0667058546      0.7924081698
  411      1.0000122190      0.4135977773      0.3149899594      0.0664472837      0.7932133424
  412      1.0000122488      0.4119937366      0.3156234099      0.0661897148      0.7940153921
  413      1.0000122786      0.4103959177      0.3162550550      0.0659331438      0.7948143308
  414      1.0000123084      0.4088042964      0.3168848964      0.0656775671      0.7956101708
  415      1.0000123382      0.4072188487      0.3175129363      0.0654229808      0.7964029240
  416      1.0000123680      0.4056395505      0.3181391767      0.0651693810      0.7971926025
  417      1.0000123978      0.4040663781      0.3187636196      0.0649167640      0.7979792181
  418      1.0000124276      0.4024993076      0.3193862671      0.0646651259      0.7987627827
  419      1.0000124574      0.4009383153      0.3200071213      0.0644144631      0.7995433083
  420      1.0000124873      0.3993833777      0.3206261845      0.0641647717      0.8003208065
  421      1.0000125171      0.3978344712      0.3212434587      0.0639160480      0.8010952892
  422      1.0000125469      0.3962915724      0.3218589462      0.0636682882      0.8018667681
  423      1.0000125767      0.3947546579      0.3224726492      0.0634214887      0.8026352548
  424      1.0000126065      0.3932237047      0.3230845700      0.0631756458      0.8034007610
  425      1.0000126363      0.3916986894      0.3236947109      0.0629307557      0.8041632981
  426      1.0000126661      0.3901795891      0.3243030741      0.0626868148      0.8049228778
  427      1.0000126959      0.3886663808      0.3249096621      0.0624438194      0.8056795115
  428      1.0000127257      0.3871590416      0.3255144772      0.0622017659      0.8064332106
  429      1.0000127555      0.3856575488      0.3261175218      0.0619606506      0.8071839866
  430      1.0000127853      0.3841618796      0.3267187983      0.0617204699      0.8079318507
  431      1.0000128151      0.3826720115      0.3273183092      0.0614812203      0.8086768144
  432      1.0000128449      0.3811879219      0.3279160569      0.0612428980      0.8094188887
  433      1.0000128747      0.3797095884      0.3285120440      0.0610054996      0.8101580851
  434      1.0000129045      0.3782369887      0.3291062729      0.0607690215      0.8108944145
  435      1.0000129343      0.3767701005      0.3296987462      0.0605334600      0.8116278883
  436      1.0000129641      0.3753089016      0.3302894664      0.0602988117      0.8123585173
  437      1.0000129939      0.3738533700      0.3308784362      0.0600650731      0.8130863127
  438      1.0000130237      0.3724034837      0.3314656581      0.0598322406      0.8138112855
  439      1.0000130535      0.3709592208      0.3320511348      0.0596003107      0.8145334467
  440      1.0000130833      0.3695205593      0.3326348689      0.0593692800      0.8152528070
  441      1.0000131131      0.3680874777      0.3332168632      0.0591391449      0.8159693775
  442      1.0000131429      0.3666599543      0.3337971202      0.0589099020      0.8166831689
  443      1.0000131727      0.3652379674      0.3343756428      0.0586815479      0.8173941920
  444      1.0000132025      0.3638214956      0.3349524336      0.0584540790      0.8181024576
  445      1.0000132323      0.3624105175      0.3355274954      0.0582274921      0.8188079763
  446      1.0000132621      0.3610050118      0.3361008311      0.0580017837      0.8195107588
  447      1.0000132919      0.3596049573      0.3366724433      0.0577769503      0.8202108158
  448      1.0000133217      0.3582103327      0.3372423350      0.0575529887      0.8209081578
  449      1.0000133515      0.3568211171      0.3378105088      0.0573298953      0.8216027953
  450      1.0000133813      0.3554372894      0.3383769678      0.0571076670      0.8222947388
  451      1.0000134111      0.3540588287      0.3389417148      0.0568863003      0.8229839989
  452      1.0000134409      0.3526857143      0.3395047526      0.0566657918      0.8236705858
  453      1.0000134707      0.3513179253      0.3400660842      0.0564461384      0.8243545100
  454      1.0000135005      0.3499554411      0.3406257124      0.0562273366      0.8250357818
  455      1.0000135303      0.3485982412      0.3411836403      0.0560093832      0.8257144115
  456      1.0000135601      0.3472463050      0.3417398708      0.0557922748      0.8263904094
  457      1.0000135900      0.3458996120      0.3422944069      0.0555760083      0.8270637855
  458      1.0000136198      0.3445581421      0.3428472515      0.0553605804      0.8277345503
  459      1.0000136496      0.3432218748      0.3433984077      0.0551459878      0.8284027136
  460      1.0000136794      0.3418907901      0.3439478785      0.0549322272      0.8290682858
  461      1.0000137092      0.3405648677      0.3444956669      0.0547192955      0.8297312767
  462      1.0000137390      0.3392440877      0.3450417760      0.0545071895      0.8303916964
  463      1.0000137688      0.3379284302      0.3455862089      0.0542959059      0.8310495549
  464      1.0000137986      0.3366178752      0.3461289686      0.0540854416      0.8317048622
  465      1.0000138284      0.3353124030      0.3466700583      0.0538757934      0.8323576280
  466      1.0000138582      0.3340119938      0.3472094810      0.0536669582      0.8330078624
  467      1.0000138880      0.3327166280      0.3477472399      0.0534589327      0.8336555750
  468      1.0000139178      0.3314262861      0.3482833381      0.0532517139      0.8343007758
  469      1.0000139476      0.3301409485      0.3488177788      0.0530452986      0.8349434743
  470      1.0000139774      0.3288605958      0.3493505651      0.0528396838      0.8355836804
  471      1.0000140072      0.3275852087      0.3498817002      0.0526348663      0.8362214037
  472      1.0000140370      0.3263147680      0.3504111874      0.0524308430      0.8368566538
  473      1.0000140668      0.3250492544      0.3509390298      0.0522276109      0.8374894404
  474      1.0000140966      0.3237886489      0.3514652306      0.0520251669      0.8381197729
  475      1.0000141264      0.3225329323      0.3519897931      0.0518235080      0.8387476610
  476      1.0000141562      0.3212820858      0.3525127205      0.0516226310      0.8393731140
  477      1.0000141860      0.3200360904      0.3530340161      0.0514225331      0.8399961415
  478      1.0000142158      0.3187949274      0.3535536831      0.0512232111      0.8406167528
  479      1.0000142456      0.3175585779      0.3540717248      0.0510246620      0.8412349573
  480      1.0000142754      0.3163270234      0.3545881444      0.0508268829      0.8418507643
